       0.0158114       0.0000000       0.0000000
       0.0474342       0.0000000       0.0000000
       0.0790569       0.0000000       0.0000000
       0.1106797       0.0000000       0.0000000
       0.1423025       0.0000000       0.0000000
       0.1739253       0.0000000       0.0000000
       0.2055480       0.2500000       0.0000000
       0.2371708       0.2500000       0.0000000
       0.2687936       0.2500000       0.0000000
       0.3004164       0.0000000       0.2500000
       0.3320392       0.2500000       0.0000000
       0.3636619       0.0000000       0.0000000
       0.3952847       0.2500000       0.0000000
       0.4269075       0.2500000       0.0000000
       0.4585303       0.2500000       0.0000000
       0.4901530       0.2500000       0.0000000
       0.5217758       0.0000000       0.0000000
       0.5533986       0.2500000       0.0000000
       0.5850214       0.0000000       0.0000000
       0.6166441       0.2500000       0.0000000
       0.6482669       0.0000000       0.0000000
       0.6798897       0.0000000       0.0000000
       0.7115125       0.0000000       0.0000000
       0.7431352       0.0000000       0.0000000
       0.7747580       0.2500000       0.0000000
       0.8063808       0.0000000       0.0000000
       0.8380036       0.2500000       0.0000000
       0.8696264       0.0000000       0.0000000
       0.9012491       0.0000000       0.0000000
       0.9328719       0.0000000       0.0000000
       0.9644947       0.2500000       0.0000000
       0.9961175       0.0000000       0.0000000
       1.0277402       0.0000000       0.0000000
       1.0593630       0.2500000       0.0000000
       1.0909858       0.2500000       0.0000000
       1.1226086       0.0000000       0.0000000
       1.1542313       0.0000000       0.0000000
       1.1858541       0.2500000       0.0000000
       1.2174769       0.2500000       0.0000000
       1.2490997       0.0000000       0.0000000
       1.2807224       0.2500000       0.0000000
       1.3123452       0.0000000       0.0000000
       1.3439680       0.2500000       0.0000000
       1.3755908       0.2500000       0.0000000
       1.4072135       0.2500000       0.0000000
       1.4388363       0.0000000       0.0000000
       1.4704591       0.2500000       0.0000000
       1.5020819       0.2500000       0.0000000
       1.5337047       0.2500000       0.0000000
       1.5653274       0.0000000       0.0000000
       1.5969502       0.2500000       0.0000000
       1.6285730       0.2500000       0.0000000
       1.6601958       0.0000000       0.0000000
       1.6918185       0.2500000       0.0000000
       1.7234413       0.2500000       0.0000000
       1.7550641       0.2500000       0.0000000
       1.7866869       0.2500000       0.0000000
       1.8183096       0.0000000       0.0000000
       1.8499324       0.0000000       0.0000000
       1.8815552       0.2500000       0.0000000
       1.9131780       0.0000000       0.0000000
       1.9448007       0.0000000       0.0000000
       1.9764235       0.0000000       0.0000000
       2.0080463       0.0000000       0.0000000
       2.0396691       0.0000000       0.0000000
       2.0712919       0.2500000       0.0000000
       2.1029146       0.2500000       0.0000000
       2.1345374       0.2500000       0.0000000
       2.1661602       0.0000000       0.0000000
       2.1977830       0.2500000       0.0000000
       2.2294057       0.2500000       0.0000000
       2.2610285       0.2500000       0.0000000
       2.2926513       0.2500000       0.0000000
       2.3242741       0.2500000       0.0000000
       2.3558968       0.2500000       0.0000000
       2.3875196       0.2500000       0.0000000
       2.4191424       0.2500000       0.0000000
       2.4507652       0.5000000       0.2500000
       2.4823879       0.2500000       0.0000000
       2.5140107       0.2500000       0.0000000
       2.5456335       0.0000000       0.2500000
       2.5772563       0.2500000       0.0000000
       2.6088791       0.0000000       0.0000000
       2.6405018       0.5000000       0.0000000
       2.6721246       0.2500000       0.0000000
       2.7037474       0.2500000       0.0000000
       2.7353702       0.2500000       0.0000000
       2.7669929       0.0000000       0.0000000
       2.7986157       0.0000000       0.0000000
       2.8302385       0.2500000       0.0000000
       2.8618613       0.0000000       0.0000000
       2.8934840       0.0000000       0.0000000
       2.9251068       0.0000000       0.0000000
       2.9567296       0.0000000       0.0000000
       2.9883524       0.0000000       0.0000000
       3.0199751       0.2500000       0.0000000
       3.0515979       0.5000000       0.0000000
       3.0832207       0.0000000       0.0000000
       3.1148435       0.0000000       0.0000000
       3.1464662       1.0000000       0.0000000
       3.1780890       0.5000000       0.0000000
       3.2097118       0.5000000       0.0000000
       3.2413346       0.5000000       0.0000000
       3.2729574       0.0000000       0.0000000
       3.3045801       0.0000000       0.0000000
       3.3362029       0.0000000       0.0000000
       3.3678257       0.2500000       0.0000000
       3.3994485       0.2500000       0.0000000
       3.4310712       0.2500000       0.0000000
       3.4626940       0.5000000       0.0000000
       3.4943168       0.2500000       0.0000000
       3.5259396       0.2500000       0.0000000
       3.5575623       0.0000000       0.0000000
       3.5891851       0.2500000       0.0000000
       3.6208079       0.5000000       0.0000000
       3.6524307       0.2500000       0.0000000
       3.6840534       0.0000000       0.0000000
       3.7156762       0.2500000       0.0000000
       3.7472990       0.0000000       0.0000000
       3.7789218       0.2500000       0.0000000
       3.8105446       0.0000000       0.0000000
       3.8421673       0.0000000       0.0000000
       3.8737901       0.0000000       0.0000000
       3.9054129       0.2500000       0.0000000
       3.9370357       0.5000000       0.0000000
       3.9686584       0.2500000       0.0000000
       4.0002812       0.0000000       0.0000000
       4.0319040       0.0000000       0.0000000
       4.0635268       0.2500000       0.0000000
       4.0951495       0.0000000       0.0000000
       4.1267723       0.0000000       0.0000000
       4.1583951       0.2500000       0.0000000
       4.1900179       0.5000000       0.0000000
       4.2216406       0.0000000       0.0000000
       4.2532634       0.5000000       0.0000000
       4.2848862       0.0000000       0.0000000
       4.3165090       0.5000000       0.0000000
       4.3481318       0.0000000       0.0000000
       4.3797545       0.0000000       0.0000000
       4.4113773       0.2500000       0.0000000
       4.4430001       0.2500000       0.0000000
       4.4746229       0.5000000       0.0000000
       4.5062456       1.0000000       0.0000000
       4.5378684       0.0000000       0.0000000
       4.5694912       0.0000000       0.0000000
       4.6011140       0.2500000       0.0000000
       4.6327367       0.2500000       0.0000000
       4.6643595       0.2500000       0.0000000
       4.6959823       0.2500000       0.0000000
       4.7276051       0.0000000       0.0000000
       4.7592278       0.0000000       0.0000000
       4.7908506       0.2500000       0.0000000
       4.8224734       0.0000000       0.0000000
       4.8540962       0.0000000       0.0000000
       4.8857189       0.0000000       0.0000000
       4.9173417       0.0000000       0.0000000
       4.9489645       0.2500000       0.0000000
       4.9805873       0.5000000       0.0000000
       5.0122101       0.0000000       0.0000000
       5.0438328       0.0000000       0.0000000
       5.0754556       0.0000000       0.0000000
       5.1070784       0.0000000       0.0000000
       5.1387012       0.5000000       0.0000000
       5.1703239       0.7500000       0.0000000
       5.2019467       0.2500000       0.0000000
       5.2335695       0.5000000       0.0000000
       5.2651923       0.2500000       0.0000000
       5.2968150       0.0000000       0.0000000
       5.3284378       0.2500000       0.0000000
       5.3600606       0.0000000       0.0000000
       5.3916834       0.2500000       0.0000000
       5.4233061       0.5000000       0.0000000
       5.4549289       0.2500000       0.0000000
       5.4865517       0.5000000       0.0000000
       5.5181745       0.0000000       0.0000000
       5.5497973       0.2500000       0.0000000
       5.5814200       0.0000000       0.0000000
       5.6130428       0.0000000       0.0000000
       5.6446656       0.0000000       0.0000000
       5.6762884       0.0000000       0.0000000
       5.7079111       0.0000000       0.0000000
       5.7395339       0.2500000       0.0000000
       5.7711567       0.0000000       0.0000000
       5.8027795       0.2500000       0.0000000
       5.8344022       0.2500000       0.0000000
       5.8660250       0.0000000       0.0000000
       5.8976478       0.0000000       0.0000000
       5.9292706       0.0000000       0.0000000
       5.9608933       0.5000000       0.0000000
       5.9925161       0.2500000       0.0000000
       6.0241389       0.2500000       0.0000000
       6.0557617       0.0000000       0.0000000
       6.0873845       0.0000000       0.0000000
       6.1190072       0.0000000       0.0000000
       6.1506300       0.0000000       0.0000000
       6.1822528       0.2500000       0.0000000
       6.2138756       0.2500000       0.0000000
       6.2454983       0.0000000       0.0000000
       6.2771211       0.0000000       0.0000000
       6.3087439       0.2500000       0.0000000
       6.3403667       0.0000000       0.0000000
       6.3719894       0.0000000       0.0000000
       6.4036122       0.2500000       0.0000000
       6.4352350       0.0000000       0.0000000
       6.4668578       0.0000000       0.0000000
       6.4984805       0.0000000       0.0000000
       6.5301033       0.5000000       0.0000000
       6.5617261       0.0000000       0.0000000
       6.5933489       0.5000000       0.0000000
       6.6249716       0.5000000       0.0000000
       6.6565944       0.2500000       0.0000000
       6.6882172       0.0000000       0.0000000
       6.7198400       0.2500000       0.0000000
       6.7514628       0.0000000       0.0000000
       6.7830855       0.0000000       0.0000000
       6.8147083       0.2500000       0.0000000
       6.8463311       0.0000000       0.0000000
       6.8779539       0.0000000       0.0000000
       6.9095766       0.0000000       0.0000000
       6.9411994       0.0000000       0.0000000
       6.9728222       0.0000000       0.0000000
       7.0044450       0.2500000       0.0000000
       7.0360677       0.2500000       0.0000000
       7.0676905       0.0000000       0.0000000
       7.0993133       0.0000000       0.0000000
       7.1309361       0.5000000       0.0000000
       7.1625588       0.2500000       0.0000000
       7.1941816       0.0000000       0.0000000
       7.2258044       0.2500000       0.0000000
       7.2574272       0.0000000       0.0000000
       7.2890500       0.0000000       0.0000000
       7.3206727       0.0000000       0.0000000
       7.3522955       0.0000000       0.0000000
       7.3839183       0.0000000       0.0000000
       7.4155411       0.0000000       0.0000000
       7.4471638       0.0000000       0.0000000
       7.4787866       0.0000000       0.0000000
       7.5104094       0.0000000       0.2500000
       7.5420322       0.0000000       0.0000000
       7.5736549       0.0000000       0.5000000
       7.6052777       0.0000000       0.0000000
       7.6369005       0.0000000       0.0000000
       7.6685233       0.0000000       0.2500000
       7.7001460       0.0000000       0.0000000
       7.7317688       0.0000000       0.5000000
       7.7633916       0.0000000       0.7500000
       7.7950144       0.0000000       0.2500000
       7.8266372       0.0000000       0.0000000
       7.8582599       0.0000000       0.0000000
       7.8898827       0.0000000       0.0000000
       7.9215055       0.0000000       0.0000000
       7.9531283       0.0000000       0.2500000
       7.9847510       0.0000000       0.2500000
       8.0163738       0.0000000       0.0000000
       8.0479966       0.0000000       0.0000000
       8.0796194       0.0000000       0.0000000
       8.1112421       0.0000000       0.0000000
       8.1428649       0.0000000       0.0000000
       8.1744877       0.0000000       0.0000000
       8.2061105       0.0000000       0.2500000
       8.2377332       0.0000000       0.0000000
       8.2693560       0.0000000       0.0000000
       8.3009788       0.0000000       0.2500000
       8.3326016       0.0000000       0.2500000
       8.3642243       0.0000000       0.2500000
       8.3958471       0.0000000       0.7500000
       8.4274699       0.0000000       0.2500000
       8.4590927       0.0000000       0.0000000
       8.4907155       0.0000000       0.0000000
       8.5223382       0.0000000       0.2500000
       8.5539610       0.0000000       0.0000000
       8.5855838       0.0000000       0.0000000
       8.6172066       0.0000000       0.2500000
       8.6488293       0.0000000       0.0000000
       8.6804521       0.0000000       0.2500000
       8.7120749       0.0000000       0.0000000
       8.7436977       0.0000000       0.0000000
       8.7753204       0.0000000       0.0000000
       8.8069432       0.0000000       0.0000000
       8.8385660       0.0000000       0.2500000
       8.8701888       0.0000000       0.0000000
       8.9018115       0.0000000       0.7500000
       8.9334343       0.0000000       0.2500000
       8.9650571       0.0000000       0.5000000
       8.9966799       0.0000000       0.2500000
       9.0283027       0.0000000       0.5000000
       9.0599254       0.0000000       0.0000000
       9.0915482       0.0000000       0.5000000
       9.1231710       0.0000000       0.0000000
       9.1547938       0.0000000       0.7500000
       9.1864165       0.0000000       0.0000000
       9.2180393       0.0000000       0.2500000
       9.2496621       0.0000000       0.0000000
       9.2812849       0.0000000       0.5000000
       9.3129076       0.0000000       0.2500000
       9.3445304       0.0000000       0.0000000
       9.3761532       0.0000000       0.2500000
       9.4077760       0.0000000       0.0000000
       9.4393987       0.0000000       0.2500000
       9.4710215       0.0000000       0.5000000
       9.5026443       0.0000000       0.7500000
       9.5342671       0.0000000       0.0000000
       9.5658899       0.0000000       0.2500000
       9.5975126       0.0000000       0.2500000
       9.6291354       0.0000000       0.5000000
       9.6607582       0.0000000       0.0000000
       9.6923810       0.0000000       0.0000000
       9.7240037       0.0000000       0.0000000
       9.7556265       0.0000000       0.2500000
       9.7872493       0.0000000       0.0000000
       9.8188721       0.0000000       0.2500000
       9.8504948       0.0000000       0.5000000
       9.8821176       0.0000000       0.2500000
       9.9137404       0.0000000       0.0000000
       9.9453632       0.0000000       0.0000000
       9.9769859       0.0000000       0.2500000
      10.0086087       0.0000000       0.0000000
      10.0402315       0.0000000       0.2500000
      10.0718543       0.0000000       0.2500000
      10.1034770       0.0000000       0.5000000
      10.1350998       0.0000000       0.0000000
      10.1667226       0.0000000       0.0000000
      10.1983454       0.0000000       0.2500000
      10.2299682       0.0000000       0.0000000
      10.2615909       0.0000000       0.0000000
      10.2932137       0.0000000       0.0000000
      10.3248365       0.0000000       0.7500000
      10.3564593       0.0000000       0.2500000
      10.3880820       0.0000000       0.2500000
      10.4197048       0.0000000       0.0000000
      10.4513276       0.0000000       0.2500000
      10.4829504       0.0000000       0.2500000
      10.5145731       0.0000000       0.0000000
      10.5461959       0.0000000       0.2500000
      10.5778187       0.0000000       0.2500000
      10.6094415       0.0000000       0.2500000
      10.6410642       0.0000000       0.0000000
      10.6726870       0.0000000       0.0000000
      10.7043098       0.0000000       0.2500000
      10.7359326       0.0000000       0.2500000
      10.7675554       0.0000000       0.5000000
      10.7991781       0.0000000       0.2500000
      10.8308009       0.0000000       0.5000000
      10.8624237       0.0000000       0.2500000
      10.8940465       0.0000000       0.5000000
      10.9256692       0.0000000       0.0000000
      10.9572920       0.0000000       0.2500000
      10.9889148       0.0000000       0.0000000
      11.0205376       0.0000000       0.0000000
      11.0521603       0.0000000       0.0000000
      11.0837831       0.0000000       0.2500000
      11.1154059       0.0000000       0.0000000
      11.1470287       0.0000000       0.2500000
      11.1786514       0.0000000       0.2500000
      11.2102742       0.0000000       0.0000000
      11.2418970       0.0000000       0.2500000
      11.2735198       0.0000000       0.2500000
      11.3051426       0.0000000       0.2500000
      11.3367653       0.0000000       0.0000000
      11.3683881       0.0000000       0.2500000
      11.4000109       0.0000000       0.0000000
      11.4316337       0.0000000       0.2500000
      11.4632564       0.0000000       0.2500000
      11.4948792       0.0000000       0.2500000
      11.5265020       0.0000000       0.0000000
      11.5581248       0.0000000       0.2500000
      11.5897475       0.0000000       0.5000000
      11.6213703       0.0000000       0.0000000
      11.6529931       0.0000000       0.0000000
      11.6846159       0.0000000       0.2500000
      11.7162386       0.0000000       0.2500000
      11.7478614       0.0000000       0.2500000
      11.7794842       0.0000000       0.0000000
      11.8111070       0.0000000       0.0000000
      11.8427297       0.0000000       0.2500000
      11.8743525       0.0000000       0.5000000
      11.9059753       0.0000000       0.2500000
      11.9375981       0.0000000       0.0000000
      11.9692209       0.0000000       0.0000000
      12.0008436       0.0000000       0.0000000
      12.0324664       0.0000000       0.5000000
      12.0640892       0.0000000       0.0000000
      12.0957120       0.0000000       0.2500000
      12.1273347       0.0000000       0.0000000
      12.1589575       0.0000000       0.0000000
      12.1905803       0.0000000       0.0000000
      12.2222031       0.0000000       0.5000000
      12.2538258       0.0000000       0.0000000
      12.2854486       0.0000000       0.2500000
      12.3170714       0.0000000       0.0000000
      12.3486942       0.0000000       0.2500000
      12.3803169       0.0000000       0.2500000
      12.4119397       0.0000000       0.0000000
      12.4435625       0.0000000       0.2500000
      12.4751853       0.0000000       0.2500000
      12.5068081       0.0000000       0.0000000
      12.5384308       0.0000000       0.2500000
      12.5700536       0.0000000       0.0000000
      12.6016764       0.0000000       0.5000000
      12.6332992       0.0000000       0.0000000
      12.6649219       0.0000000       0.2500000
      12.6965447       0.0000000       0.2500000
      12.7281675       0.0000000       0.0000000
      12.7597903       0.0000000       0.2500000
      12.7914130       0.0000000       0.2500000
      12.8230358       0.0000000       0.0000000
      12.8546586       0.0000000       0.0000000
      12.8862814       0.0000000       0.2500000
      12.9179041       0.0000000       0.0000000
      12.9495269       0.0000000       0.2500000
      12.9811497       0.0000000       0.2500000
      13.0127725       0.0000000       0.2500000
      13.0443953       0.0000000       0.2500000
      13.0760180       0.0000000       0.0000000
      13.1076408       0.0000000       0.0000000
      13.1392636       0.0000000       0.0000000
      13.1708864       0.0000000       0.0000000
      13.2025091       0.0000000       0.0000000
      13.2341319       0.0000000       0.2500000
      13.2657547       0.0000000       0.2500000
      13.2973775       0.0000000       0.0000000
      13.3290002       0.0000000       0.0000000
      13.3606230       0.0000000       0.2500000
      13.3922458       0.0000000       0.0000000
      13.4238686       0.0000000       0.2500000
      13.4554913       0.0000000       0.2500000
      13.4871141       0.0000000       0.2500000
      13.5187369       0.0000000       0.2500000
      13.5503597       0.0000000       0.2500000
      13.5819824       0.0000000       0.2500000
      13.6136052       0.0000000       0.2500000
      13.6452280       0.0000000       0.2500000
      13.6768508       0.0000000       0.2500000
      13.7084736       0.0000000       0.0000000
      13.7400963       0.0000000       0.0000000
      13.7717191       0.0000000       0.2500000
      13.8033419       0.0000000       0.0000000
      13.8349647       0.0000000       0.2500000
      13.8665874       0.0000000       0.2500000
      13.8982102       0.0000000       0.2500000
      13.9298330       0.0000000       0.0000000
      13.9614558       0.0000000       0.2500000
      13.9930785       0.0000000       0.2500000
      14.0247013       0.0000000       0.2500000
      14.0563241       0.0000000       0.0000000
      14.0879469       0.0000000       0.0000000
      14.1195696       0.0000000       0.2500000
      14.1511924       0.0000000       0.0000000
      14.1828152       0.0000000       0.2500000
      14.2144380       0.0000000       0.2500000
      14.2460608       0.0000000       0.0000000
      14.2776835       0.0000000       0.2500000
      14.3093063       0.0000000       0.2500000
      14.3409291       0.0000000       0.2500000
      14.3725519       0.0000000       0.0000000
      14.4041746       0.0000000       0.2500000
      14.4357974       0.0000000       0.2500000
      14.4674202       0.0000000       0.2500000
      14.4990430       0.0000000       0.2500000
      14.5306657       0.0000000       0.0000000
      14.5622885       0.0000000       0.0000000
      14.5939113       0.0000000       0.0000000
      14.6255341       0.0000000       0.2500000
      14.6571568       0.0000000       0.0000000
      14.6887796       0.0000000       0.0000000
      14.7204024       0.0000000       0.0000000
      14.7520252       0.0000000       0.0000000
      14.7836480       0.0000000       0.0000000
      14.8152707       0.0000000       0.0000000
      14.8468935       0.0000000       0.2500000
      14.8785163       0.0000000       0.2500000
      14.9101391       0.0000000       0.2500000
      14.9417618       0.0000000       0.0000000
      14.9733846       0.2500000       0.0000000
      15.0050074       0.0000000       0.0000000
      15.0366302       0.0000000       0.2500000
      15.0682529       0.0000000       0.0000000
      15.0998757       0.0000000       0.0000000
      15.1314985       0.0000000       0.2500000
      15.1631213       0.0000000       0.2500000
      15.1947440       0.0000000       0.2500000
      15.2263668       0.0000000       0.2500000
      15.2579896       0.0000000       0.0000000
      15.2896124       0.0000000       0.0000000
      15.3212351       0.0000000       0.2500000
      15.3528579       0.2500000       0.2500000
      15.3844807       0.0000000       0.0000000
      15.4161035       0.0000000       0.2500000
      15.4477263       0.0000000       0.0000000
      15.4793490       0.0000000       0.2500000
      15.5109718       0.2500000       0.0000000
      15.5425946       0.0000000       0.2500000
      15.5742174       0.0000000       0.0000000
      15.6058401       0.0000000       0.0000000
      15.6374629       0.0000000       0.0000000
      15.6690857       0.2500000       0.0000000
      15.7007085       0.0000000       0.0000000
      15.7323312       0.0000000       0.0000000
      15.7639540       0.2500000       0.0000000
      15.7955768       0.0000000       0.0000000
