       0.0080000       0.0000000       0.0000000
       0.0240000       0.0000000       0.0000000
       0.0400000       0.0000000       0.0000000
       0.0560000       0.0000000       0.0000000
       0.0720000       0.0000000       0.0000000
       0.0880000       0.0000000       0.0000000
       0.1040000       0.0000000       0.0000000
       0.1200000       0.0000000       0.0000000
       0.1360000       0.0000000       0.0000000
       0.1520000       0.0000000       0.0000000
       0.1680000       0.0000000       0.0000000
       0.1840000       0.0000000       0.0000000
       0.2000000       0.0000000       0.0000000
       0.2160000       0.0000000       0.0000000
       0.2320000       0.0000000       0.0000000
       0.2480000       0.0000000       0.0000000
       0.2640000       0.0000000       0.0000000
       0.2800000       0.0000000       0.0000000
       0.2960000       0.0000000       0.0000000
       0.3120000       0.0000000       0.0000000
       0.3280000       0.0000000       0.0000000
       0.3440000       0.0000000       0.0000000
       0.3600000       0.0000000       0.0000000
       0.3760000       0.0000000       0.0000000
       0.3920000       0.0000000       0.0000000
       0.4080000       0.0000000       0.0000000
       0.4240000       0.0000000       0.0000000
       0.4400000       0.0000000       0.0000000
       0.4560000       0.0000000       0.0000000
       0.4720000       0.0000000       0.0000000
       0.4880000       0.0000000       0.0000000
       0.5040000       0.0000000       0.0000000
       0.5200000       0.0000000       0.0000000
       0.5360000       0.0000000       0.0000000
       0.5520000       0.0000000       0.0000000
       0.5680000       0.0000000       0.0000000
       0.5840000       0.0000000       0.0000000
       0.6000000       0.0000000       0.0000000
       0.6160000       0.0000000       0.0000000
       0.6320000       0.0000000       0.0000000
       0.6480000       0.0000000       0.0000000
       0.6640000       0.0000000       0.0000000
       0.6800000       0.0000000       0.0000000
       0.6960000       0.0000000       0.0000000
       0.7120000       0.0000000       0.0000000
       0.7280000       0.0000000       0.0000000
       0.7440000       0.0000000       0.0000000
       0.7600000       0.0000000       0.0000000
       0.7760000       0.0000000       0.0000000
       0.7920000       0.0000000       0.0000000
       0.8080000       0.0000000       0.0000000
       0.8240000       0.0000000       0.0000000
       0.8400000       0.0000000       0.0000000
       0.8560000       0.0000000       0.0000000
       0.8720000       0.0000000       0.0000000
       0.8880000       0.0000000       0.0000000
       0.9040000       0.0000000       0.0000000
       0.9200000       0.0000000       0.0000000
       0.9360000       0.0000000       0.0000000
       0.9520000       0.0000000       0.0000000
       0.9680000       0.0000000       0.0000000
       0.9840000       0.0000000       0.0000000
       1.0000000       0.0000000       0.0000000
       1.0160000       0.0000000       0.0000000
       1.0320000       0.0000000       0.0000000
       1.0480000       0.0000000       0.0000000
       1.0640000       0.0000000       0.0000000
       1.0800000       0.0000000       0.0000000
       1.0960000       0.0000000       0.0000000
       1.1120000       0.0000000       0.0000000
       1.1280000       0.0000000       0.0000000
       1.1440000       0.0000000       0.0000000
       1.1600000       0.0000000       0.0000000
       1.1760000       0.0000000       0.0000000
       1.1920000       0.0000000       0.0000000
       1.2080000       0.0000000       0.2500000
       1.2240000       0.2500000       0.0000000
       1.2400000       0.0000000       0.0000000
       1.2560000       0.0000000       0.0000000
       1.2720000       0.2500000       0.2500000
       1.2880000       0.0000000       0.0000000
       1.3040000       0.0000000       0.2500000
       1.3200000       0.0000000       0.0000000
       1.3360000       0.0000000       0.0000000
       1.3520000       0.0000000       0.0000000
       1.3680000       0.0000000       0.5000000
       1.3840000       0.0000000       0.0000000
       1.4000000       0.0000000       0.0000000
       1.4160000       0.2500000       0.0000000
       1.4320000       0.2500000       0.2500000
       1.4480000       0.0000000       0.0000000
       1.4640000       0.0000000       0.2500000
       1.4800000       0.2500000       0.0000000
       1.4960000       0.0000000       0.0000000
       1.5120000       0.5000000       0.2500000
       1.5280000       0.0000000       0.0000000
       1.5440000       0.0000000       0.0000000
       1.5600000       0.5000000       0.2500000
       1.5760000       0.0000000       0.0000000
       1.5920000       0.0000000       0.2500000
       1.6080000       0.0000000       0.0000000
       1.6240000       0.5000000       0.0000000
       1.6400000       0.0000000       0.0000000
       1.6560000       0.0000000       0.2500000
       1.6720000       0.0000000       0.2500000
       1.6880000       0.0000000       0.2500000
       1.7040000       0.2500000       0.2500000
       1.7200000       0.0000000       0.0000000
       1.7360000       0.2500000       0.2500000
       1.7520000       0.0000000       0.0000000
       1.7680000       0.0000000       0.5000000
       1.7840000       0.2500000       0.0000000
       1.8000000       0.0000000       0.0000000
       1.8160000       0.0000000       0.0000000
       1.8320000       0.2500000       0.5000000
       1.8480000       0.0000000       0.0000000
       1.8640000       0.0000000       0.0000000
       1.8800000       0.0000000       0.0000000
       1.8960000       0.2500000       0.2500000
       1.9120000       0.2500000       0.0000000
       1.9280000       0.0000000       0.2500000
       1.9440000       0.2500000       0.0000000
       1.9600000       0.7500000       0.0000000
       1.9760000       0.0000000       0.0000000
       1.9920000       0.0000000       0.0000000
       2.0080000       0.2500000       0.0000000
       2.0240000       0.2500000       0.0000000
       2.0400000       0.0000000       0.0000000
       2.0560000       0.0000000       0.0000000
       2.0720000       0.0000000       0.2500000
       2.0880000       0.5000000       0.0000000
       2.1040000       0.2500000       0.0000000
       2.1200000       0.0000000       0.0000000
       2.1360000       0.0000000       0.0000000
       2.1520000       0.0000000       0.0000000
       2.1680000       0.0000000       0.0000000
       2.1840000       0.0000000       0.2500000
       2.2000000       0.2500000       0.0000000
       2.2160000       0.5000000       0.2500000
       2.2320000       0.0000000       0.5000000
       2.2480000       0.0000000       0.2500000
       2.2640000       0.0000000       0.2500000
       2.2800000       0.0000000       0.0000000
       2.2960000       0.0000000       0.0000000
       2.3120000       0.2500000       0.0000000
       2.3280000       0.2500000       0.0000000
       2.3440000       0.2500000       0.2500000
       2.3600000       0.7500000       0.0000000
       2.3760000       0.0000000       0.2500000
       2.3920000       0.2500000       0.2500000
       2.4080000       0.0000000       0.2500000
       2.4240000       0.0000000       0.5000000
       2.4400000       0.5000000       0.5000000
       2.4560000       0.0000000       0.0000000
       2.4720000       0.2500000       0.0000000
       2.4880000       0.2500000       0.2500000
       2.5040000       0.0000000       0.2500000
       2.5200000       0.2500000       0.5000000
       2.5360000       0.2500000       0.2500000
       2.5520000       0.0000000       0.2500000
       2.5680000       0.2500000       0.0000000
       2.5840000       0.2500000       0.2500000
       2.6000000       0.2500000       0.0000000
       2.6160000       0.2500000       0.0000000
       2.6320000       0.5000000       0.2500000
       2.6480000       0.7500000       0.0000000
       2.6640000       0.0000000       0.0000000
       2.6800000       1.0000000       0.2500000
       2.6960000       0.0000000       0.2500000
       2.7120000       0.0000000       0.0000000
       2.7280000       0.2500000       0.2500000
       2.7440000       0.0000000       0.0000000
       2.7600000       0.0000000       0.2500000
       2.7760000       0.2500000       0.2500000
       2.7920000       0.5000000       0.0000000
       2.8080000       0.0000000       0.2500000
       2.8240000       0.2500000       0.0000000
       2.8400000       0.2500000       0.0000000
       2.8560000       0.0000000       0.5000000
       2.8720000       0.0000000       0.2500000
       2.8880000       0.0000000       0.2500000
       2.9040000       0.7500000       0.0000000
       2.9200000       0.0000000       0.2500000
       2.9360000       0.0000000       0.2500000
       2.9520000       0.2500000       0.2500000
       2.9680000       0.2500000       0.5000000
       2.9840000       0.2500000       0.0000000
       3.0000000       0.2500000       0.0000000
       3.0160000       0.0000000       0.2500000
       3.0320000       0.2500000       0.0000000
       3.0480000       0.0000000       0.0000000
       3.0640000       0.0000000       0.2500000
       3.0800000       0.5000000       0.0000000
       3.0960000       0.2500000       0.0000000
       3.1120000       0.0000000       0.7500000
       3.1280000       0.0000000       0.0000000
       3.1440000       0.2500000       0.0000000
       3.1600000       0.5000000       0.2500000
       3.1760000       0.0000000       0.0000000
       3.1920000       0.0000000       0.0000000
       3.2080000       0.5000000       0.2500000
       3.2240000       0.0000000       0.0000000
       3.2400000       0.2500000       0.2500000
       3.2560000       0.0000000       0.2500000
       3.2720000       0.0000000       0.2500000
       3.2880000       0.7500000       0.0000000
       3.3040000       0.5000000       0.2500000
       3.3200000       0.0000000       0.0000000
       3.3360000       0.2500000       0.2500000
       3.3520000       0.0000000       0.0000000
       3.3680000       0.2500000       0.2500000
       3.3840000       0.2500000       0.2500000
       3.4000000       0.2500000       0.2500000
       3.4160000       0.0000000       0.5000000
       3.4320000       0.0000000       0.0000000
       3.4480000       0.0000000       0.5000000
       3.4640000       0.0000000       0.0000000
       3.4800000       0.2500000       0.2500000
       3.4960000       0.5000000       0.0000000
       3.5120000       0.5000000       0.2500000
       3.5280000       0.5000000       0.0000000
       3.5440000       0.0000000       0.2500000
       3.5600000       0.0000000       0.5000000
       3.5760000       0.2500000       0.2500000
       3.5920000       0.0000000       0.2500000
       3.6080000       0.5000000       0.5000000
       3.6240000       0.2500000       0.2500000
       3.6400000       0.0000000       0.0000000
       3.6560000       0.5000000       0.0000000
       3.6720000       0.2500000       0.0000000
       3.6880000       0.5000000       0.7500000
       3.7040000       0.0000000       0.0000000
       3.7200000       0.0000000       0.5000000
       3.7360000       0.2500000       0.2500000
       3.7520000       0.2500000       0.0000000
       3.7680000       0.0000000       0.2500000
       3.7840000       1.0000000       0.0000000
       3.8000000       0.2500000       0.0000000
       3.8160000       0.7500000       0.2500000
       3.8320000       0.0000000       0.2500000
       3.8480000       0.2500000       0.0000000
       3.8640000       0.0000000       0.2500000
       3.8800000       0.2500000       0.2500000
       3.8960000       0.2500000       0.0000000
       3.9120000       0.0000000       0.2500000
       3.9280000       0.5000000       0.2500000
       3.9440000       0.5000000       0.0000000
       3.9600000       0.2500000       0.2500000
       3.9760000       0.0000000       0.0000000
       3.9920000       0.2500000       0.2500000
       4.0080000       0.2500000       0.0000000
       4.0240000       0.0000000       0.2500000
       4.0400000       0.2500000       0.5000000
       4.0560000       0.0000000       0.0000000
       4.0720000       0.5000000       0.5000000
       4.0880000       0.0000000       0.2500000
       4.1040000       0.2500000       0.0000000
       4.1200000       0.0000000       0.2500000
       4.1360000       0.0000000       0.0000000
       4.1520000       0.0000000       1.0000000
       4.1680000       0.5000000       0.2500000
       4.1840000       0.0000000       0.0000000
       4.2000000       0.0000000       0.2500000
       4.2160000       0.5000000       0.0000000
       4.2320000       0.0000000       0.2500000
       4.2480000       0.2500000       0.5000000
       4.2640000       0.0000000       0.2500000
       4.2800000       0.7500000       0.0000000
       4.2960000       0.2500000       0.2500000
       4.3120000       0.2500000       0.0000000
       4.3280000       0.0000000       0.5000000
       4.3440000       0.2500000       0.2500000
       4.3600000       0.2500000       0.2500000
       4.3760000       0.0000000       0.0000000
       4.3920000       0.5000000       0.2500000
       4.4080000       0.0000000       0.0000000
       4.4240000       0.2500000       0.0000000
       4.4400000       0.2500000       0.2500000
       4.4560000       0.0000000       0.0000000
       4.4720000       0.0000000       0.0000000
       4.4880000       0.0000000       0.2500000
       4.5040000       0.0000000       0.2500000
       4.5200000       0.0000000       0.0000000
       4.5360000       0.0000000       0.0000000
       4.5520000       0.0000000       0.2500000
       4.5680000       0.2500000       0.2500000
       4.5840000       0.0000000       0.0000000
       4.6000000       0.0000000       0.2500000
       4.6160000       0.5000000       0.2500000
       4.6320000       0.0000000       0.2500000
       4.6480000       0.2500000       0.2500000
       4.6640000       0.2500000       0.0000000
       4.6800000       0.2500000       0.0000000
       4.6960000       0.0000000       0.0000000
       4.7120000       0.2500000       0.0000000
       4.7280000       0.0000000       0.2500000
       4.7440000       0.2500000       0.2500000
       4.7600000       0.5000000       0.2500000
       4.7760000       0.0000000       0.0000000
       4.7920000       0.0000000       0.0000000
       4.8080000       0.2500000       0.2500000
       4.8240000       0.2500000       0.5000000
       4.8400000       0.0000000       0.0000000
       4.8560000       0.2500000       0.2500000
       4.8720000       0.0000000       0.0000000
       4.8880000       0.2500000       0.2500000
       4.9040000       0.2500000       0.0000000
       4.9200000       0.0000000       0.7500000
       4.9360000       0.0000000       0.0000000
       4.9520000       0.0000000       0.5000000
       4.9680000       0.0000000       0.2500000
       4.9840000       0.2500000       0.7500000
       5.0000000       0.0000000       0.2500000
       5.0160000       0.0000000       0.2500000
       5.0320000       0.5000000       0.0000000
       5.0480000       0.2500000       0.0000000
       5.0640000       0.0000000       0.2500000
       5.0800000       0.0000000       0.2500000
       5.0960000       0.2500000       0.0000000
       5.1120000       0.0000000       0.0000000
       5.1280000       0.0000000       0.5000000
       5.1440000       0.2500000       0.5000000
       5.1600000       0.0000000       0.0000000
       5.1760000       0.0000000       0.2500000
       5.1920000       0.2500000       0.0000000
       5.2080000       0.0000000       0.2500000
       5.2240000       0.0000000       0.0000000
       5.2400000       0.2500000       0.0000000
       5.2560000       0.2500000       0.5000000
       5.2720000       0.0000000       0.0000000
       5.2880000       0.0000000       0.0000000
       5.3040000       0.2500000       0.0000000
       5.3200000       0.0000000       0.0000000
       5.3360000       0.0000000       0.2500000
       5.3520000       0.2500000       0.2500000
       5.3680000       0.0000000       0.2500000
       5.3840000       0.5000000       0.0000000
       5.4000000       0.7500000       0.0000000
       5.4160000       0.0000000       0.0000000
       5.4320000       0.0000000       0.2500000
       5.4480000       0.0000000       0.0000000
       5.4640000       0.0000000       0.0000000
       5.4800000       0.2500000       0.5000000
       5.4960000       0.0000000       0.0000000
       5.5120000       0.0000000       0.2500000
       5.5280000       0.0000000       0.0000000
       5.5440000       0.2500000       0.2500000
       5.5600000       0.0000000       0.2500000
       5.5760000       0.0000000       0.0000000
       5.5920000       0.0000000       0.0000000
       5.6080000       0.2500000       0.2500000
       5.6240000       0.0000000       0.0000000
       5.6400000       0.2500000       0.5000000
       5.6560000       0.0000000       0.0000000
       5.6720000       0.2500000       0.2500000
       5.6880000       0.0000000       0.0000000
       5.7040000       0.0000000       0.0000000
       5.7200000       0.0000000       0.2500000
       5.7360000       0.0000000       0.2500000
       5.7520000       0.2500000       0.0000000
       5.7680000       0.0000000       0.5000000
       5.7840000       0.0000000       0.5000000
       5.8000000       0.0000000       0.0000000
       5.8160000       0.0000000       0.0000000
       5.8320000       0.2500000       0.0000000
       5.8480000       0.2500000       0.2500000
       5.8640000       0.0000000       0.0000000
       5.8800000       0.0000000       0.2500000
       5.8960000       0.2500000       0.0000000
       5.9120000       0.0000000       0.2500000
       5.9280000       0.2500000       0.2500000
       5.9440000       0.0000000       0.0000000
       5.9600000       0.0000000       0.0000000
       5.9760000       0.0000000       0.0000000
       5.9920000       0.0000000       0.0000000
       6.0080000       0.2500000       0.0000000
       6.0240000       0.0000000       0.0000000
       6.0400000       0.7500000       0.0000000
       6.0560000       0.0000000       0.2500000
       6.0720000       0.0000000       0.0000000
       6.0880000       0.0000000       0.0000000
       6.1040000       0.0000000       0.0000000
       6.1200000       0.0000000       0.2500000
       6.1360000       0.0000000       0.0000000
       6.1520000       0.2500000       0.2500000
       6.1680000       0.0000000       0.2500000
       6.1840000       0.0000000       0.2500000
       6.2000000       0.0000000       0.0000000
       6.2160000       0.2500000       0.0000000
       6.2320000       0.0000000       0.0000000
       6.2480000       0.0000000       0.0000000
       6.2640000       0.0000000       0.0000000
       6.2800000       0.0000000       0.2500000
       6.2960000       0.0000000       0.0000000
       6.3120000       0.2500000       0.0000000
       6.3280000       0.2500000       0.0000000
       6.3440000       0.0000000       0.0000000
       6.3600000       0.0000000       0.0000000
       6.3760000       0.0000000       0.2500000
       6.3920000       0.2500000       0.0000000
       6.4080000       0.0000000       0.0000000
       6.4240000       0.0000000       0.0000000
       6.4400000       0.2500000       0.0000000
       6.4560000       0.0000000       0.0000000
       6.4720000       0.0000000       0.0000000
       6.4880000       0.0000000       0.2500000
       6.5040000       0.0000000       0.0000000
       6.5200000       0.0000000       0.0000000
       6.5360000       0.2500000       0.2500000
       6.5520000       0.0000000       0.0000000
       6.5680000       0.0000000       0.0000000
       6.5840000       0.0000000       0.0000000
       6.6000000       0.5000000       0.2500000
       6.6160000       0.0000000       0.0000000
       6.6320000       0.0000000       0.0000000
       6.6480000       0.0000000       0.0000000
       6.6640000       0.0000000       0.2500000
       6.6800000       0.0000000       0.0000000
       6.6960000       0.0000000       0.0000000
       6.7120000       0.2500000       0.2500000
       6.7280000       0.2500000       0.0000000
       6.7440000       0.2500000       0.2500000
       6.7600000       0.0000000       0.0000000
       6.7760000       0.0000000       0.0000000
       6.7920000       0.0000000       0.0000000
       6.8080000       0.0000000       0.0000000
       6.8240000       0.0000000       0.0000000
       6.8400000       0.0000000       0.0000000
       6.8560000       0.0000000       0.0000000
       6.8720000       0.0000000       0.0000000
       6.8880000       0.0000000       0.0000000
       6.9040000       0.0000000       0.0000000
       6.9200000       0.0000000       0.0000000
       6.9360000       0.0000000       0.0000000
       6.9520000       0.0000000       0.0000000
       6.9680000       0.0000000       0.0000000
       6.9840000       0.0000000       0.0000000
       7.0000000       0.0000000       0.0000000
       7.0160000       0.0000000       0.0000000
       7.0320000       0.0000000       0.0000000
       7.0480000       0.0000000       0.0000000
       7.0640000       0.0000000       0.0000000
       7.0800000       0.0000000       0.0000000
       7.0960000       0.0000000       0.0000000
       7.1120000       0.0000000       0.0000000
       7.1280000       0.0000000       0.0000000
       7.1440000       0.0000000       0.0000000
       7.1600000       0.0000000       0.0000000
       7.1760000       0.0000000       0.0000000
       7.1920000       0.0000000       0.0000000
       7.2080000       0.0000000       0.0000000
       7.2240000       0.0000000       0.0000000
       7.2400000       0.0000000       0.0000000
       7.2560000       0.0000000       0.0000000
       7.2720000       0.0000000       0.0000000
       7.2880000       0.0000000       0.0000000
       7.3040000       0.0000000       0.0000000
       7.3200000       0.0000000       0.0000000
       7.3360000       0.0000000       0.0000000
       7.3520000       0.0000000       0.0000000
       7.3680000       0.0000000       0.0000000
       7.3840000       0.0000000       0.0000000
       7.4000000       0.0000000       0.0000000
       7.4160000       0.0000000       0.0000000
       7.4320000       0.0000000       0.0000000
       7.4480000       0.0000000       0.0000000
       7.4640000       0.0000000       0.0000000
       7.4800000       0.0000000       0.0000000
       7.4960000       0.0000000       0.0000000
       7.5120000       0.0000000       0.0000000
       7.5280000       0.0000000       0.0000000
       7.5440000       0.0000000       0.0000000
       7.5600000       0.0000000       0.0000000
       7.5760000       0.0000000       0.0000000
       7.5920000       0.0000000       0.0000000
       7.6080000       0.0000000       0.0000000
       7.6240000       0.0000000       0.0000000
       7.6400000       0.0000000       0.0000000
       7.6560000       0.0000000       0.0000000
       7.6720000       0.0000000       0.0000000
       7.6880000       0.0000000       0.0000000
       7.7040000       0.0000000       0.0000000
       7.7200000       0.0000000       0.0000000
       7.7360000       0.0000000       0.0000000
       7.7520000       0.0000000       0.0000000
       7.7680000       0.0000000       0.0000000
       7.7840000       0.0000000       0.0000000
       7.8000000       0.0000000       0.0000000
       7.8160000       0.0000000       0.0000000
       7.8320000       0.0000000       0.0000000
       7.8480000       0.0000000       0.0000000
       7.8640000       0.0000000       0.0000000
       7.8800000       0.0000000       0.0000000
       7.8960000       0.0000000       0.0000000
       7.9120000       0.0000000       0.0000000
       7.9280000       0.0000000       0.0000000
       7.9440000       0.0000000       0.0000000
       7.9600000       0.0000000       0.0000000
       7.9760000       0.0000000       0.0000000
       7.9920000       0.0000000       0.0000000
