   6.2250960488357769        4.3819012641679338        17.560244565783375     
   1.9807607596649581        2.6222642308112301        17.194745013214657     
   1.4861144349155020        4.5195903404134761        4.9062110697132670     
  0.14457056071289603        1.7227084949689273        14.321041973754681     
   6.4968810870418379       0.51209882682982866        8.6760353388662832     
   2.9053169961893133        5.6549809982029267        8.0111039212998971     
   3.8409885151943204        4.2713792208116699        2.3751039825203302     
   1.9139855333964360        6.6272274449922284        10.999833416097699     
   6.0607697772370743        1.9664446774703805        13.046311455853246     
   2.2050772288992175        6.8841430773608625        8.6550398584142947     
   3.2826504906276415        2.4145821481950107        13.933405796270829     
   2.8941113080456233       0.86662477419056294        13.689908310976429     
   1.3234732564647858        6.8562860335132161        13.309451321095960     
   5.3062070029609130        5.0997206425828807        11.640002175147194     
   4.1089242983039771        2.5332022097131426        5.2167648661159847     
   4.7376951583507152        2.5982678370636285        10.727998949887249     
   1.4144485934537088       0.85225100736750625        18.184902699933222     
  0.37156756009501857       0.43287664786718227        12.955192272518463     
   2.6670008982847260        4.4977122119433384        17.997018502043890     
   5.4499709134634680        3.1411034811396323        17.379761845914718     
   5.0314110977638027        4.2799318937501196        13.967394576060956     
   6.2925072345098378       0.46882044316945393        7.0789983015148046     
   3.0751434646544094       0.41308895864265405        7.4575053117065684     
   2.4341805766923232        7.0173195165938136        12.846062619079387     
   5.9714650283808144        6.0892465859249993        7.7066312901694491     
   1.7913236048566994        2.5677564305841134        9.5010522495447471     
   5.8163259998781163        3.6543412689496475        3.2883104277915751     
   4.7182306389716713        4.8903226710341690        9.0021097426522427     
   2.0883185036193566        3.8030059002033449        1.7412398769153443     
   5.2040015765721783        4.2041851522263789        4.2848012973483929     
   1.3620477329312073       0.65964787071881403        10.062141058577831     
   4.6755777967012460        4.8821451309170385        7.6404392955652138     
   4.0454778990146316       0.96368825028209948        7.0964692695035607     
   6.2075191926967968        2.4656900151182124        4.6406804002809068     
   3.6706152240939516        7.0664604827409825        4.9141206640862034     
   2.6439924633184062        4.8333220591071111        1.3310833623996958     
   6.6792899156264909        6.8087691123981227        5.6585968487563632     
   4.2649341301209951        4.1918053442427263        11.418038291533476     
  0.21536402467907920        2.9285226086520812        14.900009194261914     
   4.9228939070782314        1.1976083322969013        4.1545873980709249     
   3.0860256497237155        2.7705088292473476        12.887355170911448     
   1.1161870652597317        5.1407987739805323        9.4270582002882861     
  0.43299738429367318        5.6108607260175338        4.9360613427561733     
  0.84891353977968254        2.5788977993313686        14.099227530909937     
   5.1638387125736269        4.5998874712020177        15.877440633296771     
   6.7591154273024854        5.8689600963361075        10.663533936482690     
   3.4440920525880303       0.29512198291049213        12.503310668141475     
  0.52275587619777009        7.0468183404309146        9.1816295258663096     
   1.5754214828690996        6.2713100465172413        9.7906058304549077     
   1.8970570503120703        4.2965528064858773        12.421130609062624     
   6.3906494785887737        3.9944212923845241        8.7546192927230404     
   2.0812174806098085        3.3761254516210215        7.7032591141519848     
   5.4105359780316480        6.1995725126114865        8.6054217198542737     
   5.2147292159382204        5.0091052734547858        14.807488187548200     
   1.4888682405624831        6.7262912744650016        6.9330972256137278     
   1.9610519013391050       0.27708216887149634        7.8105179913712544     
   4.4672701032648625        4.0384583170201029        6.3165033402072979     
   1.1080926192032690        5.8788504729880371        7.7217738460588423     
   4.2108240160698136        6.1115176221771916        10.315781845592744     
   3.7023006064926269        2.3689117181659523        10.564375320577586     
   1.9523769492390988        3.9759258939737201        9.9827702146814765     
   4.0903707112983616       0.46717923687409507        2.4221604713845970     
   4.0029866628243402        7.0506625959414206        6.8124422525680162     
   4.4788188270349476       0.75561840952326709        11.971604599035130     
   5.0695609519089810        2.8316249595303877        14.666647219992125     
   3.6962556470976939        2.2129282079040964        11.548067232611439     
   1.8728737325172617        6.6440226466023313        17.618804007617253     
   2.8940002118999706        4.9906630939961198        11.108335626933215     
   1.1730354298920540        4.8428535494909752        17.307670855863080     
   4.9747683474551065        2.4686216603388704        13.589814925155773     
   3.0350680534759054        6.8685477316653492        17.166847716346933     
  0.77848795412300575        7.0254263319227181        5.8299594290308177     
   6.2733135521226524        3.7881709860969592        13.888997627685452     
   5.6948831428731603       0.31516212086880507        3.1314470960303895     
   1.1110271615910021        1.2118481794207390        5.3170552353066203     
   1.4584352020888165        3.6638617697811426        4.4094862672641497     
  0.47158405053872265        1.3121256736256075        6.6596139116089841     
   2.6510151535058775        6.7636841242321033        5.2499912223437786     
  0.33247694196151967        3.4677942634475936        16.030163904976700     
   5.8823692993907217        4.9296111029450946        9.1186242005774982     
   5.9653352592511846        3.0880930661293968        7.3435786260432669     
   4.9333004442607562        1.9448080554653104        12.196309216279287     
   3.1089044975761864        3.1225142354778308        9.4781934949496520     
   2.4292351617173988        1.7240493023833661        17.956539774344240     
   2.4176304360814243        2.0861477207571113        7.7567036527605806     
   2.1858341401934220        1.8101383802454987        14.449808897904102     
  0.70028991678567465        6.0789242167934949        14.234229228762629     
   6.4884252933056636        6.0366542480568928        8.9127130076378549     
   5.1063680939845284       0.60428284971208079        9.2291136312086746     
   2.0085366651738106        2.0743754721412602        13.205491034258440     
   5.6333379127648842        3.8222129581590751        14.983248511295463     
   3.0765860036013373        1.6770098422328248        8.4189988724940577     
   4.6761146966961675        3.2882772217026033        4.4065214825946866     
   2.1663949604931503        1.7106010627568446        3.5269626726079588     
   3.9859879438904215        2.3269181645224921        3.9125867828761107     
   6.6433714745878163        2.2200093607373446        12.214197023179079     
   6.2587373807826321        1.3676590049966770        14.064167895904284     
   6.9813975758910942        4.8482174748037945        9.2523441804283770     
   5.1568474255655854        2.8351668108020913        3.3005369720507813     
   5.6729420184096586        1.7179710253175386        15.760410768501554     
   3.3479417765115471        5.6095426242815964        3.0927140530285455     
   1.7607293051704895        5.2145800692051205        8.5001792393512297     
   4.4293480443502524        1.2088805301943735        3.1239755077617586     
   4.2504981159806361        5.6502873199484345        4.1253169022682421     
   4.8957959106775331       0.45444868047458975        1.4274124194926645     
   3.4522058758810346        4.1099560389399548        10.709186289113502     
   5.5679995303114884        3.6100754452591604        13.044063170370162     
  0.81647327525032176        4.5853343056252056        10.435846493312255     
   3.9321039250663885        4.0260040212741979        14.697593365186600     
   3.3420524572814307        2.6071037542468365        16.843660611098741     
   5.6434166610098799        6.1313819639508838        9.6767947889015744     
  0.77882803831450786       0.14415225066986645        10.906688232938832     
   3.8064939645893237        5.0658551530775151        13.746364176972168     
   3.1600075201736191        2.8079708352417643        6.4726280194157892     
   1.8482410078622484        1.0040223171964560        9.0788701527513318     
   1.5157622938579560        4.1338190980531397        8.8935897836818292     
   1.2167552764207501        1.4575270735587655        13.682135323786069     
   3.0351968291675937        4.3669859216677267        8.7566734372396144     
   3.0228026608875624        3.7547745861025992        5.8936859635429828     
   5.0513575203438048        5.9649945746598565        12.941752621090847     
   4.1626225435029642        3.2058583540368613        2.4270185678784348     
   2.5783716801594521        6.1933732752897992        18.749795734469242     
   1.1927129313799791        2.3167395516190967        2.9455567675462779     
   3.8422555854404212        4.0472505743323115        3.7534293147367035     
   6.3944001765021747        4.6302477705694143        3.9899708997276884     
   2.8981717412146493       0.72823958373315756        4.7735941761355116     
   4.2682948069248496        3.8125377693207110        1.3797656864921308     
   3.9276125791017118        5.9108713950595071        5.2732269479563882     
   6.5289965010142152        6.9172254306090766        12.968161159635043     
   2.3980874357444755        1.1103434392190772        12.737751166599510     
  0.42464513474026733       0.76958295364064244        7.8594726698279871     
   2.4076089419810294        3.8764236441789772        4.6976529995082199     
  0.29292276667555223        3.3522646058667447        10.690215391642230     
   3.7782900317898660        6.6559023542287123        14.764083193136191     
   4.8768011861316234        6.3701153734040128        1.7720919301264666     
   1.7239813216846001        3.1444013098782460        13.162247172535297     
   5.4403051351653673        6.4248923308196977        3.4357655413682409     
   1.9336525689644586       0.74483489112926549        4.0967674782197081     
   3.5415910179157684        4.8166587698720242        4.6298859378122161     
   1.8096034909521796        3.8023131141687831        6.0903791164149892     
   2.2952109185044480       0.95205553197281867        16.041282067882733     
  0.22954571324694895        4.3832045857894011        3.2394087668800426     
   3.2214441832476339        6.3291225809576286        12.748486214174074     
   5.7596147639267157       0.71448205855917779        11.137489891373981     
   6.7136556657079254        1.9695361349533278        15.284925070120462     
   7.0379815109285362        6.2722027350193930        18.420762022389532     
   3.7592799889623968E-002   4.8409970526114030        16.985896304126960     
   2.5936614538865430        6.3227546098689587        14.435112032635944     
   3.5619944421458123       0.67714925066661413        3.9956215690552956     
   1.6903024041797423E-003   4.8032962622055111        11.245948492425114     
   5.2727034902412502        2.1567705398851973        17.552822733247694     
   4.5085755241039172       0.54562593348924271        10.330655088418526     
   6.5091403007113140        2.4264734159919246        13.964771591597918     
   4.8008963054094442        1.3647624250686017        16.769345081795436     
   2.8424813072068358       0.95873474226811894        1.2858154167510725     
   1.1023130970787756        1.6162553567753029        8.7781305135238519     
   2.4077620823726389        6.9199763082733021        16.345283697885691     
   6.7447568819579251       0.64651463509925922        12.079049400145113     
   4.2279826941802661        2.4583338196839124        17.478782772532480     
   3.3876992137034203        6.2306149686111310        6.4114304639726321     
   1.0009667858658553        4.5218983132165915        3.9001968236130118     
   6.4319375595738073        5.5794616755561863        1.6194944569340646     
   3.6425350137913979        3.6981452854763828        15.786388546350947     
   1.3989331935061475        3.8162580605920717        16.684475140006317     
   2.4090157272425619        2.6916878214410711        4.7657285537369303     
   6.8686340279441067        6.6608225974985444        7.9401119477038238     
  0.37416967096785164        1.5828262256980257        18.703354887751306     
   4.2254731768298388        2.0495442358144853        6.3698284316119578     
   6.1538080694362876        1.5987218489703405        11.391431928919513     
   4.2900558531705577E-003   1.6149261848469607        13.019102611240504     
   4.7380000958850914        4.4100974844158491        3.2155343739680360     
   1.8547828172252459        5.6930406992319149        5.1717258452600392     
   6.9707241473396424        6.8691897631163004        6.8499798090850108     
   2.6972527110798370        3.6951648575483853        12.976277646156003     
   2.8332147578697131       0.68750657367393109        8.7943679400102042     
   5.9372312856684344        4.8040271520354523        12.548129154341733     
   5.4868270561944259       0.27733475556269888        8.2762293137809433     
   4.6453007963971578        6.6809647370842162        9.2404300264845691     
   3.0135686238052344        5.9507491433864947        11.259250982274917     
   6.7164054162032700        3.1987957456374367        12.396364988994986     
   1.1198239172936040        6.7439021388392559        12.246541290340536     
   5.1920701935860913        1.6385896384751537        14.337307711919165     
   2.4088131862745339        5.4551583204171097        10.132997980176112     
   5.1360472141472293        2.8659673574383113        11.867547015120220     
   4.4801406145517921        4.1470327357309191        12.963158232012788     
   4.3950353868311405        5.4912569759161194        2.2782174669162152     
   2.5531181955959150       0.49164371186733069        10.073058075032471     
   5.4934121358675432       0.87726852726517590        12.275931916930519     
   3.8887015313208808        3.7976320109703852        4.9333872618558496     
   5.9290356881624202        6.9252219853473704        9.2263605018680881     
  0.92980696637523030        4.8158399190924284        7.7767552397071569     
   3.6384566106874727        4.5911587024053686        12.058968747025444     
   1.8432284290590220       0.88806322426214757        14.187499983730168     
   5.1163976165492073        6.7872305580003793        7.3056529763021807     
   4.1343145866893796        6.4913614935416764        11.363981676653925     
   6.5327358526099513        5.5922654494582815        14.099514781679174     
   5.6016576740158079        5.3725138974095170        4.0803200889147062     
   6.3048094738187928        2.9453006793242729        16.202059095623891     
   3.2391169287884947        1.3999528887699206        6.4722332005273193     
   5.1458036134373870        6.8159188617260895        10.923146935087221     
   6.4389556649596047       0.39250458239786651        4.2245695773483218     
   6.5661986734987350        4.2016629769217149        5.7795399287178029     
   6.4589550209039359        1.3172855436514412        4.1371938961772052     
   1.0047566848117628        1.8455717888353254        1.4183561729041052     
   1.2411671484135669        1.9895749026226119        4.1480765816415932     
  0.55103223147657343        3.5344867634490176        9.0673145320102044     
   2.3670110127164441        4.2080102000388864E-002   3.3148549946677099     
   1.0646272027338515        3.8768408536060828        14.277645632312707     
   2.0102448402036570        2.8016251257445415        2.0417892642384605     
   1.2061109040824378        1.9165847242609899        14.990319402786641     
   4.3521506310146236        2.8419744382253098        15.397208195503115     
   5.6866688103343748        3.9019216982016309        9.4223165283712973     
   8.2527935355989915E-002   2.4994532204648627        1.4833899813112119     
   1.3097105784682312        4.3069942330496307        13.268483162318326     
   1.6886193260580251        4.7336838804804708        1.7294585164227572     
   3.5369211071603246        9.6693384533056773E-003   10.628346736916674     
  0.73947869618007378       0.80683600727540727        2.7933454719736543     
   3.6782492940087512        1.1624798033351815        15.587438281889511     
   5.6384240868303674        1.1274085866477837        7.4618667085719501     
   5.3544619018430559        3.8670207739354048        17.950333159429377     
   1.0161406331330440        2.3627649682863323        17.234423796865652     
   6.0463829449205493        3.0510155534734666        8.5410198413648661     
   7.0535103167214039        4.1182017768078714        18.134636940842903     
   1.5441134428477572        5.1600199835535108        15.879811511915371     
   3.6152212052187069        1.7896335758043562        18.359407355562496     
   2.5857159085995378        2.3884851721350899        10.341872727687146     
   6.8331984797465362        5.6277722583231196        12.468172107769412     
   1.8755990021399962        6.5823746837783919        5.9155645940558639     
   1.6313682708069883        3.1334425312180367        14.906070979376782     
   2.6281420340090675        1.9086322915268739        16.887243292606865     
   1.6880325663451363        5.7583508315168848        17.073377252104471     
   2.3078622499138310        5.8521702898451009        15.554456761674544     
   1.1210652637939078        5.1117987144656807        12.280121410868365     
   1.7808714404752528        2.0960223962019193        6.3223645682223069     
   2.1976782093488838        2.7656894225064690        3.3684341698993823     
   1.2669753753347315        5.8502929280741398        14.957430682499737     
   4.1319284854906525E-002   2.2574427707679961E-002   2.3388096965172993     
   1.2244576731164842        7.0658460304794293        4.3033756857591499     
   4.8041298745079759        4.4840441799453448        1.8935235417087817     
   1.2274907173908129       0.39776430140878771        15.593914164833281     
   1.8904325906249819        5.2023147873030897        7.5164858873049907     
   4.7783098842060507       0.24019631672677874        16.689262361971736     
   2.4933206444135019        6.5049542777008194        6.7933339176828200     
   3.6136624262972958        5.4654269280241925        1.5325603453135095     
   5.0633541426085067        5.6810461088401842        6.7926550211168291     
   4.0733918207780651        5.8881888420989998        12.900618236183403     
   5.8008160327904736        3.1430603791600702        1.2805118811019440     
   2.1508587717643843        4.0135844490887047        15.882248191709046     
   5.4747089227693380        3.1986278633981664        15.800598981491218     
   1.1127317230679259        2.8324937958575180        15.908490578260256     
   2.5673061810372482        1.3252481901466822        5.7875478465205319     
  0.51093755011176833        3.0028625457828522        4.5820901199691555     
  0.39946578215906681        5.0479220470369901        1.6063467659870501     
   2.4034330042638832        4.5607950703278464        6.6882119091763519     
   6.8380796383418128        4.3230553213105267        13.111719360273021     
  0.10606671699342340        2.1682063811683805        5.2624238333711482     
   3.2429819302007359        2.3302051787219287        15.931712694517675     
   2.2324165314243216       0.49455205854962553        17.106922240459259     
   6.9097278209615327        2.6093242952845608        3.8564139110280471     
   5.1488573072678294        2.5347131945707102        16.589879807118642     
   5.2284443746956653        2.4229866462422986        5.5512701541933138     
   6.2501287198641631        3.9447450971950229        10.967053251603089     
   2.9762436427451351        4.4937778748236257        15.335147911491065     
  0.91679403725963038        3.3858697782755143        2.2365044170717669     
  0.21987022044145790        2.5580374140999180        16.247233157077275     
   5.9009970337379833        3.9461083250198792        12.042020575508642     
   1.3812915301790039        7.0013283983190808        2.8016625543892930     
   6.4879061922790147        1.7390440740155151        6.8879455731178600     
   6.3723698349331892        3.1362459524456807        9.6255879008117198     
   3.9496945953338818        3.4960718039821677        16.938689726794905     
  0.37192952500890797        5.0652526784659653        13.309101994589623     
   4.4097735761714159        3.8383772665920883        9.4773890039307656     
   4.1011966625339147        5.2285079561621028        6.4578854538733230     
  0.36281775916067460        5.8849313519981141        3.7309442063947005     
   6.1508577683862367       0.96285240541847505        17.288115343372464     
   6.3922231939968528       0.67776757138748323        15.813102183328866     
   7.0567904764172411        2.5520047861349662        8.3999343442491590     
   3.4198483298924431        5.0553118748979609        7.3584473860056496     
   6.5558638843863033        6.0918917073308236        15.195137327939412     
   4.2947447434144165E-002   4.2643722781425941        15.473479312244772     
   6.7999818580389251        6.7306326882417009        15.945816684268030     
   3.1872783535251514        4.9766140669775822        5.5913547433871864     
   2.5228751445964419        3.8389453189359983        3.2133915594265936     
   3.6298109152730444        3.7884897549256675        7.3809721225409879     
   1.9165418665687699        2.4966783159309114        8.4490226504746353     
   1.0262998936487187        1.4553678618341037        15.804486171780068     
   6.0952543760444060       0.70851488248117034        1.4318095105516955     
   6.0571357100313993E-002   5.9059517787997722        7.2962609864799850     
   2.7139058951762629        1.5271185321988683        9.3959716704114875     
   6.7258303676801381        2.7677042007878510        18.489303604289148     
   1.7323641821096296       0.75967194864305876        11.292881233896226     
  0.20527377604193692        5.3189995469540348        15.890019103984722     
   2.7336884987281667       0.93442673849433033        11.853967782680794     
   2.5547500607504983        7.0113908928487874        15.245767158076074     
   3.7677841345618930        5.3392138488701457        16.181765773473728     
   5.4618236117112344       0.33876965113861857        4.6979702590494830     
  0.47449689740477624        1.2039018891364752        4.0050318693208489     
   1.2287651269078678E-004   5.0503314115846889        8.1823248340786812     
   1.0705814828009108        3.1941383526492402        8.2520102943997546     
   4.5440607276223686        4.4410473044782872        16.763499058893967     
   5.7212314883045581        4.0888328389425306        6.9566760438780166     
  0.87339110176315504        4.4514980346750299        16.036741503105077     
   6.4239653965505941        1.6447162740901913        8.0558222880538928     
   3.2129650526159890       0.15645330095850044        18.303107588888071     
   6.8994091400797561        4.2899399433574725        14.361851842952831     
   3.8965128109165046        2.9757592134883568        8.8352020403208691     
   5.4577296169526104        1.0336392415794555        10.203263119238791     
  0.29472438890178670       0.46843884777536132        16.501901557168804     
   1.2219890054923823        1.7984198932975626        11.778557984958470     
  0.38406857031165709       0.13686674619924330        3.5575638512767029     
   6.5721395254766692        6.1352748271046673        16.802627579193867     
   6.5656684051605190        6.3049338049525527        3.1886026218521764     
   2.2208841955282019        1.9962805235355545        12.000210320579251     
  0.94399229812273566        5.9105069891171240        11.780745958900459     
   1.3113410255326614        3.1490894266410789        10.285532679310645     
   5.2907903981539013       0.14500122363233525        15.542587282691517     
  0.66526379053121965        2.3688848918946790        10.813503282727622     
   6.1692912224303464        6.8305792486596539        2.4317900525246396     
   4.2143483950278293        4.1113698124569495        8.3684938763305858     
   5.6980058553066284        5.3561023668020180        16.942606623474731     
   1.0350432337714961        6.9150752532251891        18.401383236235922     
  0.83373767107166785        4.8297817125666986        14.800715353418045     
   3.3975437313734926        6.7318408006313737        3.1921690661137538     
   6.2334796740023357        2.7866112749596974        2.7792024223081331     
   6.2372947795631912        3.4957126930657223E-002   16.722209706637347     
   3.7556360033266407        1.2025336565489095        10.467909727635051     
   6.1164723231965210        2.6509697643368844        5.9321204885093062     
   3.1206658703929460       0.96684476026909072        2.8118570325891885     
  0.73090640531962547        2.4677695568550519        12.483861531056476     
   6.4103134270718476       0.45375182521162494        10.022953630902471     
   6.6989702718020459        5.2583760930204075        2.9639546788408868     
   1.9573130209053342        4.7194195326068344        14.657154343056366     
   3.6941763087422279        1.8412602784422805        14.638533447509062     
   5.5587384170588665        3.4217333513376040        5.3941966763137268     
  0.54149116571873135        1.5016488504527035        10.323230673510178     
   6.4376574184508204        4.6709793289857933        7.4976486625230079     
   7.0641031256706244       0.89292577776363347        5.7756460064822459     
   2.6313660997557804        6.2287764165569168        9.4251030919964709     
   2.6457253048818465        2.7394635532324969        15.172241540647667     
   4.1820095022560926        3.0002203606393207        12.994728552786437     
   4.7039682071474251        6.0933949448852012        16.462960386326277     
  0.75920138237562296        3.8252237298811740        6.8423681389782658     
   2.7409947139261881        6.9783581277311439        11.694739063790566     
   5.6044340635862566        5.2388314868102199        7.6435296400109394     
  0.49853787372008268        6.5369618560910858        15.210926304434821     
   3.7895881818982429        1.1015331301833082        17.499277715046702     
  0.27634333165177871       0.87053924777103875        15.309824828532284     
   2.8548019966801568        2.5041840276740888        1.6041360603838675     
   3.2143796635571733       0.47455131313050414        14.683828075153237     
  0.58070282910466731        3.9962063292442807        12.464414528845955     
   3.5725303307050454E-002   2.3127387158114270        9.5822471700875553     
   7.0476134905288541        7.0067612996093880        17.401349126169137     
   2.4662541984187296        5.3483301864936594        3.4249610444235370     
  0.96570768591724887        6.7594488831804682        17.159522648119356     
   2.5149387738030655        2.9501409458354027        16.258927039266112     
  0.12997049107153999        3.8406486800560153        7.8993853042479145     
   2.1966487889715678        5.3758597164152766        6.2051140939349034     
  0.53759590593280537        5.6443238255022816        16.891242281853842     
   4.4074465151612738        7.0824648618151118E-002   12.765968131943611     
   2.3307333941781017        5.9208497481695694        2.2267589386174769     
   4.5235418013560764        9.2536757902208569E-002   5.5131127798139632     
   1.8690615073017751        5.7395417384206580        12.614357857695888     
   4.2291568257534511        6.1189692857408025        7.4421048100074856     
   4.2204352421561184       0.15640473617036191        15.841163036793143     
   4.5456396359867348       0.10744587443822633        3.8486786400224933     
   2.5628043494966564        1.1205416042374972        10.736205824043596     
  0.59407243539679477        3.3813087568504230        3.2100520759374098     
   5.5878133800628529        1.4480061941438980        8.4830996998264006     
   5.4196119643926348        3.9865535348114123        8.1213665547294216     
   1.2631212914846570        6.3631823590129972        16.190997305870034     
   2.7671245852799022        5.2984970141656129        12.088842486540040     
  0.45343353340787929        5.7870289199176481        2.4981528567781721     
   4.8770828008022535        6.8847964664567760        14.196885244847698     
   6.1841629406779965        1.8609261199365623        3.4505123185231028     
   3.3210720615369942       0.58930321791311757        16.331808427346306     
   1.5885146909068877        4.5185721835367207        2.7659236918993977     
   5.8474561600817276        5.1202422966196215        6.3553921388694166     
   6.5223209260269348        3.4389554840599028        4.9190463062885881     
   4.7681765192264018        6.2215983768072585        5.9102756180494351     
   5.8145007876982078        5.6997127261106106        2.4409037545600709     
   2.4786189320076053        4.8534867543349529        13.255464198880116     
   2.0417178617618079        3.7840481973125000        13.970019248910608     
   4.9888570416521363        3.2407799669735042        8.7541174801211472     
   1.0962227606329169        5.7567866160359529        17.958813248762425     
   1.4520788362448966        4.2764928382246312        18.276834763364359     
  0.26907772445518002        1.7536327285214559        2.3180299548883823     
   7.0233377888649020        5.2955891427006172        17.840567592155860     
   1.5237530790717779        1.8350746223390182        18.609433911740755     
  0.52157140066444774        4.2515726511275842        5.6631344650183184     
   4.8050813700020587        1.4975622581265178        2.1198273377745807     
   3.1469665812633805        6.4011948267322376        15.902342488571684     
   6.4560731910113098        2.6013420175837947        10.525783131021093     
   1.5661863851392384        5.3914571281222736        13.851656955858820     
   2.8205277083701095        6.2578065251048676        1.3686127693903301     
   1.2069326438240164        5.6560875320153006        6.2968949438474180     
   4.6918958831481596       0.66641440564462673        14.875204751689765     
   5.6788797648559779        6.3674796194669563        16.132998582161136     
   3.7796664729744025        5.0797296555064504        8.5948406561455872     
   6.5317409455666056        6.5190247717299741        4.6403381075057082     
   2.9150308498714730        3.3242594579496871        11.963974266852219     
