 -0.78834750305022128       -3.9339252967983263        1.1570884791178859     
  0.30205673774123709       -1.6402373969579871       0.47201543588736272     
   1.8338652569829228       -1.6585171649321802      -0.30757745114495588     
  0.58011460008087390       -6.4032077513380026E-002  0.38596609761189055     
 -0.30162149220709916      -0.62739726688194852       0.11480114259823351     
  0.36289521052430046      -0.45710242917407395        1.9763167116636373     
 -0.26274933446911097        1.8468266170774938       0.48080911020710249     
   1.2273955917282406       0.20523667749585767       0.33536798088213221     
   1.5781648187580772        3.5325662296190802E-002   1.0764855899237589     
 -0.35610757922454783        1.0492267657214782       0.36398358107554368     
  0.63338210666337513      -0.33453358359116597      -0.38126901609642122     
  0.16638825726242118      -0.75276446882312009       -1.9742882758048286     
 -0.35766493070714567       -1.8297803710680089       -1.7156381226788542     
   1.8816638656446241      -0.10143680253929474      -0.83050007434351836     
 -0.21503821234178050      -0.36323310183020729      -0.67534472559756731     
   2.3618161310361376       0.44850274340172541       0.33073181367607768     
 -0.57011864677221347      -0.40083739053832840       0.69751157778529271     
 -0.94372341500783807       0.43524031177562361        1.2644037925494800     
 -0.14846237824451833       0.49167171849565650       -1.0215761960185987     
 -0.89339360379117072       0.62723515273111163       -1.8362924990307625     
  -6.1748347956555906E-003  -1.1234406503567831       0.71685476200169718     
  0.12275013647997148        9.1701101608785043E-002   1.1268226551808993     
  0.71292042214530293       -1.7895757382779371       0.71919493180869942     
  -1.4199578204069905       0.76881344029723209       0.59776441715268924     
 -0.56515144056556699       0.20072123392253385      -0.13248792665635570     
   1.2494473560212407       0.12175561950816627       -1.0702158324623461     
  0.63916456093111329        1.0898651591812509        1.7001869435630252     
  0.28230072155234059        1.2081479867425451        1.7516780909656990     
   3.9874446187977600E-002  0.71289393482143071      -0.41657799061611150     
 -0.26079868563816672      -0.38278823733929113       0.48306017552990971     
  -7.0554260968282587E-002  -1.9195586638551090       0.92594414662058122     
  -3.3711686823186947E-002 -0.77283679708026776       -1.3809898696896050     
   1.2152832155742539       0.49128322301466354       0.31903171709133837     
  0.19656656427514482       0.75694936517760614       -1.9701819088768349E-002
   1.4333355456766259      -0.11383400761517259        1.4111744238065032     
  0.95841254673649368       -1.5378561920004945       0.89717729828522308     
  -1.0356922250595193       -2.7709820678815264E-002 -0.82205308428475332     
  -1.3236268721690165      -0.24291924651913999       0.35368425525625602     
 -0.15106022131880201      -0.31672408099602184      -0.91656934915959853     
 -0.34802851868742246        1.4016255906849304       -1.8686299063784160     
 -0.60791517367608350      -0.62968840785234581       -1.2999396395370326     
  0.59356386637929803      -0.76988780988091743        1.6361768037710380     
 -0.99880034691318520      -0.29711297262147413       -3.8047385411987329E-002
 -0.22776264546300826       -1.2877265663695450       0.85768703137886637     
 -0.69290507996119000      -0.48009388966234173        5.6869529844181366E-002
   1.8384356923934935       0.11202133610613066      -0.43558346263334796     
 -0.40187673385917794       0.86541723226693468       0.36339076238983736     
  0.32485255185184791       0.92602811034773902      -0.41757082337424095     
   8.8599044943295985E-002   1.4275325292129546      -0.20543351316124656     
  0.25087469942265900       0.98238103506897678       0.24686669487079391     
  0.53637893542795034       0.78440003394346847        1.4939323596535483     
  -1.0124389849091990        1.6296828269336145      -0.39249269691342936     
  -1.0456384469519218        1.1304097168091827       0.33796189866413340     
  0.35282670580353709       -1.3605920235811240      -0.80664455679152691     
  -7.3307513950252867E-003  0.27785035707364431      -0.26990629991174137     
  0.22835557073054474       -1.8084133628202974        2.7271131287182984     
  -1.9561034679989009      -0.84991299145774757       0.81473161477117495     
  -7.5768362782325974E-002   1.3790656600573754      -0.56006384412798027     
   1.6094006115232411       0.68319280506213131       0.17562267176038757     
 -0.83553283471639328      -0.80041380424174569       -1.1000060967880680     
  -2.3894171409491172        3.0616592350331007        1.3555041827770531     
 -0.70391197431175667       0.29267103267036654       -1.7114172457711121     
 -0.47014613313141984        1.8055151921543664E-004  0.59437213502406561     
 -0.69949336964501585      -0.38233652930539447      -0.14149171458739015     
  -2.6975921463402264       -1.1609418933850248       -1.1712423732851964     
  -1.1632736855210379       -2.1937444985316836        1.2237295883018704     
 -0.72077434846831123        1.2868056918578255       -7.7871419436637244E-003
   1.4442230285348867      -0.84539201940468822      -0.30962701614222571     
  -1.0825414775848086       0.28889206851344384      -0.66817099181301565     
  0.33134332287940788      -0.29111808904358788        1.0587294962562328     
   1.7011663749827246       0.41536101673199693      -0.22366611077883297     
   1.0139957104192863        1.9046625977286502        1.7299637250997563E-002
  0.73962158485022256       0.26387741888599286      -0.38247950851218776     
   1.7606120919659234       0.70606941646628596        1.2701274240078235     
  0.92971694972596652      -0.29716154714093906      -0.80725322496129326     
 -0.11585268133995155        9.6677297899301726E-002  -6.3441099319201291E-002
  0.13651340013674035        2.6948483935344117E-002  0.29152461499773991     
 -0.60507214967013723        1.0498950082175025       -2.1752841401913057     
  -1.8579143334281751      -0.45784279929105337      -0.99475435104262599     
 -0.19944256927871634        1.5027418294812469        1.0843264645501103     
  0.29070675786107103      -0.25692740547852033        1.9522542296367038     
  0.96235646026159516       -1.1600384492718414      -0.72733676501757816     
   2.4931769216262012       0.40691053404661265       0.30860636255912999     
  -1.2935013082533029       0.18377522246855585      -0.24840772897292629     
  0.46354069858131758        1.8433712610924113      -0.87989052641025745     
 -0.95006469917134773        1.5349584259257065       0.32384555257038694     
  -1.3479153656539862       0.14133444163044331       -1.2004079985194998     
 -0.45522603062816630        2.0943622611040786      -0.20761829057737638     
  0.10011665057194800        1.4161837436627027        5.8280827000840509E-002
   1.4573681360784934        2.3600502408532336      -0.84521432708411626     
  0.32047749780139478       0.46758940300767549       0.32286817249341532     
 -0.36891002838200992      -0.33562556078989730       -2.4393640500216218     
   1.7281058388142001       0.33772427188169696       -1.8436429006830459     
  0.15785338949103500      -0.81684547139534658        1.1802595476496254     
  -1.2670179768163110       -1.1519790890475947       0.76063264441883227     
  -1.0055652120098464      -0.90125368297084096      -0.86339153896028975     
  0.37813834721992401        1.0221095041741659       0.96019788530617500     
 -0.21918488213318874       0.92218454497955571      -0.44339860317836738     
   4.9315541416516062E-002  -1.0061621756714347       0.67272319771423528     
  -1.0423133963921056        8.3792288612190555E-002  0.13811895782047312     
 -0.82602620581454245       0.72687424140153356        1.1355928847802632     
  -1.8090011007749285      -0.89618478050425798      -0.44943293351080782     
   1.2792933966563724        1.0212947417611813       0.97840711538821779     
  0.66394909827341975       -1.7725208069630274      -0.44538214453621022     
  0.64232363013941385      -0.21792285806966732      -0.21861652605426435     
   1.0666516458408652       0.25892248388089234       -1.1014252117537584     
   1.5359125417284263        2.9192973521901071       0.97565087850732812     
   2.2760041653287351        4.4176343048713519E-002  -1.4096805054790527     
  0.28081280527793179       0.79993326494463057       0.89523891042332193     
  -1.3553959431791505       0.27205561802416028       -3.6279849505266117     
   2.9696440601356349      -0.43766022902900753      -0.90572627228573233     
   6.9754704415683530E-002  0.15145911294610362       0.91058535261976203     
  0.17013704818464789      -0.53993587605311688        1.2869759467585589     
  -1.6092051895909808E-002  0.40588351089272406      -0.20882246796496085     
  0.39552252151240685        2.9994636389984532E-002  0.49139243129501259     
   2.0337630507563911      -0.67118658523316765       0.62758299812740082     
  -1.0975610525573776       0.30642160847717931       0.10124646616137009     
  -1.7767441480133344       0.65171748562420773       -1.4599126227341039     
  0.31330623000865998      -0.59910534849227137       0.52516069808229360     
   1.1931632820855105      -0.44905403431953900       0.45414192016716570     
  -1.5992224599027698       -1.3848194041381646E-002 -0.49152941930609539     
  -1.1729748971207077       0.63905135757074383       -7.6999453095311201E-003
  0.79949516919486818       0.28477583701975706      -0.39987588702159288     
  0.73485401443006027      -0.23179339704619759       0.84169030060517191     
 -0.25472392064064553      -0.72249358620151938      -0.51947952072725390     
  0.29552595818045263       -1.2728659283545654       0.84702149612512045     
 -0.98497983294724789      -0.33483558153070203      -0.14928972202140744     
  -3.7565658387819676      -0.46202770394634313      -0.66499293557646910     
 -0.46541542205822417        1.8954022846030922      -0.96230096647461216     
  0.93421012059322506      -0.60309775760951256      -0.41970559910559119     
  0.41035392734300313       0.51943565276449588       0.16517813855224869     
  0.36419071882173698      -0.35193011424344317       0.34226762732158117     
  -1.3592096234903854       -1.0158836744257362      -0.56142840114254744     
  -1.1763266011124049      -0.37945657093180979       -1.1948995092787689     
   1.2004949625355241      -0.83295238720116949      -0.12146710261840067     
  -2.3477227827850182       0.25993962103106338      -0.12429914348338997     
  -1.4893328123449101      -0.63641202427471300       0.24600077811765661     
 -0.87155487307654700      -0.87836641259107695       0.43954981273341387     
  -2.1420787654691430E-002  0.74623052330538731      -0.64968744238299803     
 -0.85574867268815236      -0.78221233398342671      -0.51050918130905809     
 -0.24741602391529391       0.47609579092524601       -1.4619754704091126     
  -7.9481620459817045E-003  0.47025069733706376       0.51730937784712749     
  0.95091822915433299        1.0479652257089227       0.55183285634755719     
 -0.80278452036291947       0.87753449475721612       0.68445797588180490     
   1.1498294132913685       -1.4005368738787876       0.63387737746168693     
  0.61134329729085202       0.87021229256784138       -1.2575984857634943     
 -0.67822562739061276        2.1336622653135278       0.33866532364019747     
   4.5735794396678998E-002  -2.1416917415383230       -1.7960453467266035     
  -1.3176772732825883       -8.9208044055798311E-002 -0.12852112728113796     
  0.25690153618645484      -0.83997408471093138       -6.2787454491484304E-002
   8.3176381267419011E-002  -1.0753387272516646      -0.74451382456195503     
  -4.2159703982878480E-002  0.29835555686446547       0.60306740194233455     
  0.78795488687619097       0.80377948613854799      -0.97879541241405965     
 -0.40207203005309589       -1.5093347311055028       -2.6636130576631407     
  0.13485802027508936      -0.27021906362177417      -0.27597848705102535     
  0.65188359539914453       0.96974876730800730        1.0626426301668266     
   1.0828714966786450       -1.5901899921840521        1.3700011903157181     
  0.17477241239743346       0.44562517845313604        5.9047929803100481E-002
   4.8686070005160835E-002 -0.50860125051271576        1.2624236136997198     
  -1.4785505166108941      -0.10111957840605615       0.91197536038534799     
 -0.77062572594243395       0.76546626798547412       0.80197647438569675     
  0.43681691206463852       -1.4498754891497616       -1.0349909880981301     
  0.47200828743942796       0.68876211702779955       0.92282337121042823     
   1.6733019507541464       0.59186067626644978        1.1018810716849237     
  -1.5328876378471334       0.87904326592816584      -0.77017309872185047     
  0.93059150724550621      -0.53876451689551830        1.6787564999085018     
   1.0306166033283604       -5.5146661096818830E-002 -0.97319191655976567     
  -6.6961275639000090E-002  0.73672693196174832        1.0580779465137400     
  0.89265016742965952       0.30454008347746830       0.68872489435121476     
 -0.34458102410904706       0.76306962891024410       -1.2757860634668279     
  -1.1069782060237949        1.1814460839291199       0.65424899605345443     
  -3.2125466502287674        1.0570570614964647        3.2786703341332005E-002
   3.6555422624101844E-002  0.33149255566101382      -0.81192532535336603     
  0.16131636777680292        1.2538139658146648       0.74165111998794642     
  0.49723455929073962       0.76653805532296992       -2.2006392565390915     
 -0.12295013729865185        1.8487046936664442       -1.4057300807580373     
  -7.0210981385475352E-002  0.23144000776112952        1.2103660091542934     
  0.31840024987949067       0.27584959570462131        8.6447003991998297E-002
  0.54984080471719798      -0.23374358641282128       0.77964089574861628     
  -4.8578884656288374E-002 -0.73967147841690051       0.17039789926946208     
  0.50457517720453737        1.6344120159805722        1.1400168992479549     
  -1.5285066977664288        1.0107016428352305      -0.98661623049054392     
  -1.1160820909475790      -0.32394553153898253       -1.9352590804138716     
  -1.6814076635153896      -0.78110550889459207      -0.37699387453061045     
   1.2123693969812812       0.40631679426022604      -0.18872624684280170     
  0.15468073224600606       0.67730787997137654        1.3183592761717049     
   1.2453396490419280       0.93584155604599073      -0.87361538519221571     
  0.78422052504783912       0.96323172020473879      -0.82038834043828524     
   1.5357062550226714      -0.61067052479486794        1.0177825490791306     
   2.2431878340097131      -0.41311347305257956        3.0372522614728030     
   1.0312952619909403        2.2786436958977685        1.5975475294921431     
  0.95502961901040595       0.29229192835391427        1.0974659292826994     
 -0.73020546935279129      -0.90783487114631334      -0.71227072466427954     
  0.17403951936560344      -0.52542029793235201       0.89256982923418304     
 -0.14990817876628348       0.79711230957785317        1.9919921175834121     
  -6.0516976446422344E-002   1.0081887284074589        1.0833081812258376     
  -1.6575859923064271      -0.39135858292359021      -0.39967584876038320     
  -2.9876167151387342E-002   1.1695509253992686       0.20336740930673464     
  -2.2060266028681319      -0.38707588489556782      -0.65197382793378778     
  0.33983527606468261      -0.19677373258731487      -0.13954463036926407     
  0.22445294663796933      -0.33566413292799480       -1.1371268859064465     
   1.4256324457254788       0.36467602180020808       0.32728377685686039     
 -0.17008537928424305       -2.0004306596634512E-002  -1.6807036714048424     
   2.8587661535953592      -0.77935664279890149       -9.8212025555087346E-002
  -1.3027152508061013      -0.90251249793789468      -0.19175497341114631     
  0.54158608013488607      -0.48643021445828599        1.2418937604548290     
  0.70402588190999349       0.13994798749248491      -0.15304066154259355     
 -0.19427136134701031       0.55658271675646587      -0.99979203779149817     
   4.3055987255845397E-002   1.1824336676357485       0.51665444322200427     
 -0.18726322715007859      -0.42883722934515900       0.44695618228126255     
  0.88421287719469543      -0.31243137811435479        4.7420968571818656E-004
   1.0106217995748301       0.19917119619696072      -0.62600701286396476     
  0.75065063860155667        1.3545716212881123      -0.32352746888013173     
  0.68312445787406417       0.18948341758576465       0.63250070834966088     
   5.8410362278798048E-002 -0.18564058868925046        1.2161570258710885     
  0.99985078968286423      -0.54601310580270568        1.0189531117581740     
  -1.0604665909030724      -0.91745666305817253        5.4283230867545017E-002
   1.5335260963415314      -0.60109710984945586        1.3581560544364314E-003
  0.16643908522793135       0.75521407273468844       -1.7746112360909809     
  -5.2746030676529013E-002 -0.71761175202748162       0.34345410314818708     
   2.3244527451676801E-002   6.2711342544790466E-002  -5.9685205507656096E-002
  0.53944561756005149       0.48348548317488421      -0.15202535460466188     
 -0.17796696513812832       -1.7384506874266177       0.77473362349156927     
  -7.1056229198625517E-002   9.0087859036706186E-002 -0.64944505552579812     
  -1.5923646829578586       0.75273353984413038       0.80799706052118558     
 -0.63946846246981826       0.75215527116399039       0.70705845023750291     
 -0.81854427190234857       0.93999826999777014        1.1661880612307531     
 -0.46618369022508593       -2.2562883013249126E-002  0.27305284467349922     
 -0.51589531340766104       0.43646761759573910       0.32504837582006157     
 -0.30491905035614703       0.29189728448130209       0.19184297403438624     
 -0.41970723623271949       0.82534286296927772       0.65197198204055273     
  -1.1103647290450271        1.4671774759885488      -0.97239742512327143     
  0.10952139820263583      -0.76747016722024208      -0.70682661134161195     
  0.42956393412265786       0.55098447389578931      -0.59710465462636075     
   1.1182540010931714      -0.34559882165085570       0.71954266764347108     
   5.1205890390011631E-002 -0.61543432843957213      -0.19008881823632159     
 -0.72936739691850649      -0.13115893376427512       0.17527686365297079     
  0.29955328460595954       -1.3323881310419392      -0.50533164967939104     
  0.28951042953238565       0.78546102658437089        8.0823304525024217E-002
 -0.66800077622089538       -1.3100720586713039      -0.76820185875698810     
  0.85049895540542075       0.19298076246460300       0.38367808113199658     
  0.73930005458065495      -0.98865028931172039        9.0696265542049084E-002
  -9.1803519152457727E-002 -0.49452746607887721      -0.52884818713786430     
 -0.57218201054969309      -0.71785157768354013       0.45116167631406157     
  0.21013925393287161       -1.0804207054648476      -0.72182431782483036     
  0.21505583997277855       0.35918202090664958       0.13452093795310477     
 -0.53530199291105263      -0.19312181591501534      -0.21302777358203775     
 -0.60301851609572055        1.2399104487108927       -4.4921553509470247E-002
  -1.0375646614135301      -0.16072053207776962       0.76476220133645945     
  0.75021851435537212       0.14636384733462879      -0.14430861913845580     
 -0.53991431299953552      -0.19313194434988767        3.0637345055201312E-003
 -0.60234956056094990       0.24898491264000711        1.5655521672825061     
  0.51537206212760411       0.57731709292249622      -0.31746902192962473     
 -0.49130181273324930       -8.7394209756801511E-002  -1.3420641062965264     
  -1.4686965088722679       -1.1410366460758208      -0.80967722631949535     
 -0.56375341924970168       0.10777883240857383        1.4089898557635328     
  -1.1417357237279979       0.61123410905897047       0.97542698213357393     
 -0.58844641547482912       0.47724324663504325       0.19976869893198321     
  -1.2976958282477968      -0.64427855695122549       0.34901055857726770     
 -0.50995284840753474      -0.35605838232636089      -0.54466482623570001     
  -1.1057145579291605      -0.88438298104329904       -1.6897894057442084     
  0.74895968891456466      -0.73872349428039830       0.50163236819626100     
  -1.3137967366891574        1.4199217363285566      -0.50700059039823098     
   1.1984085705486054       0.28410852629841915      -0.94818211282709763     
  0.93240143817492405      -0.54998255079645642       -1.9263749938580752     
 -0.45442749938942945       -1.0870224306327541       0.35754283120415903     
 -0.79658207249931567       -1.4396217158923705        6.7933761185224553E-002
 -0.45656425114160376        1.8459849235247457E-002 -0.94691131772150361     
 -0.97347624320781068        1.5856270293363854        1.0019179204100981     
   1.5337042956507525       0.38428091323152580       0.74049384197115853     
  0.78298794426430174       0.52902265535880832      -0.64460434901459418     
 -0.64430398492530194        1.0784326071980721      -0.61571979074399963     
  0.49262719700264790      -0.21772994059075068       0.72513637572110790     
   2.7785306773610095E-002  -1.0559171932904978      -0.44677117273133632     
  -8.8998373697140847E-003 -0.88016900111175311       0.10533920397187355     
 -0.53163613141930055        3.1009702783426048E-003   9.4651196071826330E-002
 -0.13998502107469032      -0.33167416863898802       0.94597916561379713     
  -9.2418560302485381E-002  0.28197444266086064      -0.47559076333903733     
 -0.37312557014007447       -2.8642135414163276E-002  0.26083880191704606     
  0.45492514642490484      -0.50580811374457191      -0.90134009591648334     
   3.9265523583443200E-002 -0.15796577371868856      -0.79760517997471336     
  0.11092433652914674      -0.83034229046748387       -2.4230191202842810E-002
   4.4415695656353046E-002   1.1573269341802226       0.23867131562964894     
  -6.2853676008400000E-002 -0.47817265137898834       0.61580449281368221     
 -0.29319254915671478        2.1378638475763192       0.73118218831194715     
  0.15918660533940682      -0.71830520142058507      -0.81749793549300254     
 -0.63289430706172345       0.50407413405192836       0.61373239830935700     
  0.92547989675451359      -0.82290785647780440       0.64447850013026531     
  0.24149690835820412      -0.45983667500587966        1.8589297061234902     
 -0.33077587475880116       0.34505753733735961        5.5796252774195032E-002
  0.62912698053180138       -1.7094204347066566       -2.3917120152531463E-002
  0.78558232491342983      -0.11584503077535090      -0.51010677789682191     
 -0.95279608678242544      -0.16347537455314803       -1.9163559213423917     
 -0.49358195370815439        2.1105327142443735      -0.34616155238754598     
  0.75821940332032645        1.2711011627921129       -8.1651050668245490E-002
 -0.38705364817735854       -1.8596650974902633      -0.61377395013160230     
 -0.43229667981508296       0.53125630161088944       -1.5414777404694864     
 -0.40275487041157237      -0.93182690206456564      -0.51092722445383287     
 -0.47987319968613751       -1.5576997536090140       0.80921339478481913     
 -0.83775286695777818       0.72826275791864115      -0.90035540699277050     
  -9.7570624439927423E-002   8.3809968378577820E-002   1.3598249307535426E-002
  -1.0650417446598148       -1.6281890899550366      -0.81337516973798962     
  -1.2342978725009077       -9.0752223781664795E-002 -0.46410498137113787     
  -1.3678205280649405       0.54989729734621506      -0.36501549872471428     
  -1.5148502129381789      -0.61591468472010014        1.7213151250526113     
 -0.60898827343243400       -3.5535947973959800E-002 -0.38873475045825945     
  -1.2066459633457222E-002   1.0172269929514168       0.50407596652367981     
 -0.42347554016086120      -0.31598615811658315       -2.1382240942569903     
  0.44603153374498594       0.12369339532139344        1.5749816898737612     
 -0.14381707674600605       0.56800477117200920        1.4652943189126595     
  0.74400565051456291      -0.76204727742924572       0.31423567107977984     
  0.86410249166804598        1.1801376749459749       -1.2026560389452647     
   2.6168208736494100E-002  0.38207875586114642      -0.55884417904503692     
   1.2988504652008594        1.0826471772427970      -0.52907169616761951     
  -1.6346755103530453E-002  0.12663073901703617        1.4853427707932993     
 -0.85112747603141414       0.54017935696693453       0.14356246787193411     
 -0.24802680172197419      -0.18072317465821433       0.39394697451984517     
  0.77866362567280689       0.53389219955727929       -9.6590510360417325E-002
 -0.36622756687913288       -1.4402979879531121      -0.38488548405977074     
   6.7338322735635892E-002  0.59395348200175679      -0.27693484297150350     
 -0.49973953113518438      -0.55790403012582679       0.74827447578415618     
 -0.14974695220724663       -1.1352412460485926      -0.56801267794984300     
 -0.97348035713690495      -0.96109595172520490       0.41212564518976147     
   1.1300249814240151        1.5445538434224433      -0.26987234337559807     
  0.73493070571820696      -0.19900011268398310      -0.45572243885663866     
  0.44414162044448180        1.2086134019703962      -0.17409313373572405     
 -0.10934989007390519        1.5219739015374707       0.24844158256476032     
 -0.45630614883859871       0.51739935760961786      -0.25236331559385533     
  -8.1051103073717257E-003   1.3383903192366382       -2.0773896075404292E-003
   1.2129126548828331      -0.21134640492119491       0.58493481287289872     
  0.12019397455050722       0.94510468366391198       -1.3494794132098591     
  0.54422289599569540      -0.56895096096826614      -0.68789326017471719     
  -1.1509585192601579       -7.8873943421330986E-002 -0.43474653150842496     
   1.8712035722651847      -0.89601403566277771       0.12708530767915052     
   1.4356789065232405      -0.44214094439893187       -2.2039319212933051     
  0.47019038308750333       -8.1788007088305133E-003   1.0549494622484386     
   1.4130927991554072       -1.8710316879345443       0.71082363080422639     
   4.2880530458441219E-003 -0.97568686217518708       0.79088000946306580     
 -0.50574295516778189       -1.0932395398750792       -1.1262835398432627     
   1.1638976312191729       -1.7489786403764116       -3.4347863241947607E-002
  0.64570286361136242        1.2235858080962179        1.4475912939270192     
 -0.37443129340873521      -0.75650597517328511      -0.38506333171949264     
  -1.1725188511957276      -0.30351843694374975       -1.3376476751697250     
 -0.75090191207130663       -1.1415733613076595       0.49476760234475931     
  0.86723218896607634       -1.4150526215552390       0.66196346956168339     
  0.64953332428856814       -5.0196924323739199E-002  0.95448047712401940     
  0.16399800194083192      -0.44118440734340963        1.4421782463822241     
  -1.4770205811226234      -0.80919332054273208        1.6091409060050033     
 -0.54600021688950640       -2.4259609938750977      -0.24960770546282590     
  -2.0358295545772138E-002  -6.8980384860929347E-002 -0.25049438149354464     
  0.26297675490752898       0.69001638082308869      -0.80382033812967291     
  0.66956474171968339      -0.84162223195088492       0.21245989010731586     
 -0.27752345889069308       0.56142784236476617      -0.11851930565789755     
  -1.0909086023351013      -0.24644005106635569       -1.0188975878556563     
  0.44664441938804211      -0.45944287743396423       0.10614441991152895     
 -0.72161448860161659       -2.2088781035602372       0.69509986861079021     
 -0.12714143492215313       -2.8306892245969321E-002   1.0245458979034048     
 -0.25063102442962226      -0.17655152008990066       -1.1306921837830444     
   8.2314683993386858E-002  -1.7354230710112326       0.19087290865443893     
   1.9406329162571117       -1.7004470888808132      -0.34006099675992857     
  -1.0953262835430115       0.28748741903260905        7.7587817008343232E-002
  -1.3254782756884063       0.90780964042936674       0.18988171804128179     
  0.25683277457620257      -0.19325646781570491       0.82268220037365491     
 -0.41752357303550902      -0.19720654166161386       0.79606231604195976     
   3.6267424266443277E-002 -0.38673641140840903       0.93744688762342032     
  -1.2017046835660161      -0.29343277527707401      -0.32945563483905405     
 -0.67182701231151187       0.44835364103917319       0.45547591684499839     
  -2.0886730613383415      -0.42923546248386718       -1.5071792294499489     
  0.74934256990727066       -1.7154778533379520E-002   1.3539908181470195     
   9.7988305880766582E-002  -1.0411755143686641        1.8041133184844569     
  -1.1104422985329034        1.0801381527355283      -0.41698905372415296     
 -0.22244799558988568      -0.27063823988583324      -0.25103157734379555     
  -6.8107393997810711E-002  0.24530858473602138      -0.81812844156790054     
  0.77367323612680128       0.10241121735433308      -0.42613139295154190     
 -0.92884157659293898       0.23326196814263303      -0.32680004222331871     
   1.2280790708580340      -0.58818845835071110      -0.53476459375295682     
  0.68812095669201578        6.6928744566338599E-002 -0.56614755473732492     
   4.2434885184576224E-003 -0.72762987004035018       0.51582983851609054     
   1.7141311179922589      -0.33748693676388603        1.3237275314737700     
   1.7891406135836720       0.86487468343685570      -0.97336993724464815     
 -0.32542653904328622       -1.1182531070163018       -1.4238444386908400     
 -0.50821413316308550       -1.3179781851307055      -0.24196044081887025     
  -9.5147680315290820E-002 -0.49076076807513264      -0.38884294188566060     
   1.2967933298370218      -0.18138972918251425      -0.56884271756192772     
  0.88300146634588361       0.27969105314692111       -1.7966306479854000     
  -1.2777820180994761       -2.9927982223821243      -0.46678851602793031     
  -2.6853207873061016E-002  -1.6559663851037434       0.18575210899841668     
  -8.9249991940104675E-002   1.2201984518078121E-002  0.44759288626166027     
 -0.25185634994677114      -0.48256197683193425       0.22197665097782249     
  0.35865898828336490       0.92204226673401612       0.22891524112213180     
 -0.60742233879204810       0.28837995354180879       0.35010607941446603     
   1.2372427566745927       0.32494155491065863       0.75693902094875831     
  0.88567864512553007      -0.64666488381056431       -1.6176943803067434     
  0.51366491447369500        7.4572073422187343E-002  0.12627883963869405     
   1.0158499444102613       0.12301732959321189      -0.38728630290424582     
   1.2539440041624321       0.39100563835548718        1.0823979384474671     
  0.90008138508345392       0.39082845110921510      -0.51690395844126791     
  -1.4517891665955931      -0.41674166119346173        1.8271204723523184     
  0.29912544663478502      -0.71468965700364706       0.47210626555121488     
 -0.75057610085596427       0.78565093152498278        1.5165867015916100E-002
