  0.29630929219550040        4.9185438346576325        10.958467177471483     
  0.60365309578295301        5.8346691894529323        9.0348816657858126     
   3.0880904263356075        6.5756098760089694        17.306482131794315     
   4.2173254294201143        6.2625413554354203        15.987245738908577     
   1.9166415265471206        4.3628318931032739        8.6990053461374579     
   6.3138064317678593        2.0643516387455025        5.1476015889522726     
   4.9141271886119879        7.3318799059903910        3.4656154495532614     
   7.0502439779682105        2.5093543778891894        3.7380713462638648     
  0.31306065512068276        4.1327141296054659        5.5254607803889630     
   2.5002433839007923        2.7855354736422320        11.166008580948162     
   4.7228550264002909        4.1781290484417095        13.457426313049483     
   4.3551019264852808        2.2343557303378794        14.131686900223926     
   4.1567136718776103        7.1871816160331807        5.4334606108317018     
   5.2630965755047283        5.7689857762046985        3.6205332536141235     
   2.7635199283944383        1.0743564346531829        15.850433086771856     
  0.48323958472092732        2.4269959751920633        4.4285007238561311     
   4.3753562765518517        2.5978713707099992        7.1528487235868594     
   4.8782258959216795        1.8282997237342515        1.8318879761153644     
   6.2771634432583090       0.35510187026023166        1.2371020714034198     
   3.0530923096133038        6.7302987166990391        2.7865360987165926     
   4.9961841967245464        6.9217393876287492        8.1716244142735626     
   1.7955769434077054        3.8841569806315075        6.8542202535820245     
   3.9841064709278338        6.9911375809670551        16.982769724914551     
   7.1091708090322161        6.7235855923074945        1.6447959652129831     
   5.4651793137294780        4.1962785511265137        15.765558582270659     
   1.5414948792602623        1.1734024351425103        17.679045380578494     
   3.9680781539275674        2.0413622055188814        3.3111267992794291     
   5.4870650410812605        5.5303460057817357        2.2623310702148038     
   5.3877372303725339        7.1583353562950176        6.2909393649802192     
  0.78036716529253436        2.0624706045960903        16.270830685595509     
   2.4057909372607673        6.4913896860671789        7.8723923272769865     
   4.0296577309431951        4.7428485454848373        10.332968321376670     
   5.0935337280081230        2.9563049345384460        2.1056156589118036     
  0.33529866313711343        3.9926894511402083E-003   17.624663197810353     
  0.41542343541768117        6.2976074129298611        7.9052356351110253     
   2.0339887696425625        3.4998810915762348        13.763471733628302     
   5.7036577476178394        6.6440090350652588        15.931216335651900     
   6.1192637889571531        4.2711585469129156        10.139889092738066     
   6.0293015141417570        2.9839842669722683        15.934937332890318     
   5.0553248926977341        3.4721351228138913        4.2505349961956078     
   3.1524491797997536        2.6606362105100860        8.8614819347332254     
   5.6489915086879359        3.4074679719505565        16.980449288694789     
   3.8620898157976815        6.7276325119506462        1.4855958507104861     
   5.4195300669241044        5.7498510490467121        16.756825580061243     
   3.5019529337889552        1.3656675465030206        8.2073413512989042     
   2.0578527636795108        7.4488877716902131        2.6200416505273147     
   3.0235281607367850        6.5724195493292266        3.9144569192749019     
   4.7733499043379437        7.3346135261722951        17.845334336292588     
   6.8985674215434738        3.2042731090649519        2.9407452122837920     
   2.2942603307530964        3.3521819614756088        9.1348652554778589     
  0.10052888975311658        5.8527535232622796        11.192970737407547     
   4.4113765835077645        5.0434438442737566        14.339062438458107     
   6.0884630448535271       0.22230987019698858        16.914025132674318     
   1.3940064182447351       0.25594247113374552        13.676209643839686     
  0.43488304395950522       0.86606010826611379        12.301085418873685     
   5.4207695654474399       0.80237225439315352        17.949746263837088     
   5.1907140522540196       0.16848043238452073        13.866787189150877     
   5.4121363010459804        2.4821477025017877        4.6313023643197608     
   5.9157113540690496        6.9048381480591292        5.1786024175186016     
   4.5180198898287065        6.1843052430898329        14.500767142210281     
   1.7785791966114131        7.3095516071763571        4.7768345670772892     
   3.9770941288123378        3.2205118105135906        13.522413656214542     
   7.5335482798629867        4.8102339559373846        18.030710083709739     
   3.5587921268163645        1.8967758089540956        4.5830544744473682     
   1.1903942909163925        4.4024336315443442        18.094005586727732     
   3.3691364598161777        6.7202972350859707        8.6316942574698690     
  0.61477453897207646        4.1898703884496573        11.822530283698287     
  0.76767651862769948        3.0372668223336325        8.6407314734166771     
   3.2413745075242515        4.1236102661876544        11.716830159016807     
  0.91823384374581241        2.5816005762977676        3.4994750033295117     
   6.7190803822509162        3.9782719880090727        15.036294248393711     
  0.28826236791988336        2.7848914036921588        2.4076032931847280     
  0.29260635052460676        4.2970522522064813        7.0404018787313305     
   4.0810475436273004       0.53584444097867567        3.6692215967909827     
   5.2468460429976398        1.2721749463289875        9.0801367295961271     
   6.1222795284121005        2.4257544593300451        2.5260169535711983     
   3.2094071397793451        3.0008299464159007        16.617751858380370     
   7.1036579966124611        1.2387539051676983        11.832180737802922     
   6.2013529520674364       0.25162246556007178        14.751970916673478     
   2.3916968736432231        5.0001532119751619        18.736222572078400     
  0.37683192961700612        4.8017541089804308        8.6361288109851913     
   6.6661809587839791        4.3939847112848218        8.0741194833890955     
   1.4139319835387145        4.4742487043643919        4.8529511660439617     
   7.2390518896866700        5.3131080641638535        16.848969555748326     
   3.9642717666040697        2.9499079515415234        14.789360253881984     
   7.2905718281838103       0.74555062557595497        18.367067269561147     
   3.3918684520213702        5.7421613423103288        10.515028141694890     
   7.3253829825440464        1.6403739338447305        15.938213800015616     
   7.0869970457949307        2.4054285140619802        9.5020921897362918     
   1.7935235810898738        5.9054800732443313        18.331057321786023     
   3.8346750726142145        1.3949953896491800        18.362545948810585     
   1.9117193732886348       0.17642644306394317        12.297124514755941     
   6.1795202486859964        1.9798572309412084        10.603314974561780     
   6.6574097741085687        7.4327254115328971        17.769389241483740     
   6.6625495803229731        3.0347399696493080        4.7825355641403791     
   6.7408243678072735        4.5412721898967732        1.7440713103953704     
   3.2629349654366471        2.2646262842557965        10.644651774329212     
   7.2133478540248355        4.1810003113103571        9.0978555542557231     
  0.60632838100797082        4.7627335238746182        9.7775940905772529     
   4.0487409715581970        5.7293224643063621        4.7755246934610822     
   3.3602049675884307        2.8147591201095232        7.7485930866226385     
   6.0820523596312723        5.6480484181849038        10.167843814708982     
   4.5600032052886466        3.4215148550678101        18.538258530323514     
   6.3521858705047354       0.53731455522051264        13.742268752790388     
  0.68412826461605869        2.3865400547603279        7.4431168852520670     
   8.3718540176878062E-002   9.5012090591703749E-002   13.657296445413646     
   4.0905673985218707       0.94589160593659316        6.0768769129803584     
   1.5852895608738518        1.5916688657509921        7.1052512325355943     
   2.6033780310335781        7.5597176993350370        3.6698842950418946     
   2.9615526259337286        4.8341596632848161        14.816112176397867     
   3.4704870251846622        1.8164636649113903        13.885462281075760     
   1.0444446639953373        1.1348623970628275        16.416228101733598     
  0.71029395885466984        3.8903964517276437        10.871139089049187     
   4.7700736280604179       0.86513622770472920        14.547829442880071     
   4.3173399061476863        4.5734478586567660        8.7673126727603581     
   4.2313751681048073        7.0108022265329479        11.486128536373952     
   3.1773628516570174        4.5520976082591558        8.7059938100521101     
  0.91631034048277493        1.6258095329969888        15.254522958470007     
   5.7644206876279851        5.6510508009712126        5.7946762608227518     
   3.4395130542574281        2.2321293493083645        6.1104511565061159     
   3.1982812376337435        7.0522538891152786        4.9137143920508324     
  0.56099678124923991        3.8401638800581512        2.7643352306763269     
   2.6852664206121690        4.4728196366315096        10.475497145704995     
   5.9351020424457062        6.1923436012863000        14.787103406881135     
   2.6459257462249774        3.6124767555397623        8.2056634160206983     
   2.1993587296254229        3.5423663230060107        10.302890090146478     
   2.9597631268029869        1.2045778384286303        9.0194200394070148     
   2.4832127706267646        4.5124525420148123        9.5390262107120964     
   6.4465178925393634       0.34949933636289093        12.711353610815166     
   6.8004256878307023        7.1087427178323432        13.887233506414864     
   3.9118371355166093        2.1404232344006506        9.3806388941053473     
  0.37854385670475044       0.55485300646335634        2.7819752390551318     
   6.9956450669934096        5.8919966157253150        9.1424414225886750     
   1.2161806756381492        3.8934240512219582        9.4305380284521778     
   1.9671221234655916        3.2420505360704395        4.8917701151674624     
   2.0751255057851052        6.4198935091787996        17.457717055092676     
   1.4502637078915748        2.4270454639620374        6.3937852004422266     
  0.40287609672049957        1.7406520948697364        12.993731697629029     
   7.3748806823679756        5.4010017793609153        2.1379006269431642     
   2.0656100293049779        6.0206800764443225        4.7015080546935915     
   1.6949688978403528       0.64101184116540966        15.464517655704720     
   5.5231006838811494        4.8831246157324060        5.1062964014077874     
   7.3166053885602507        2.1494004501088448        18.248997716208624     
   7.0447235172890084        5.1354591914055598        10.092585045259510     
   1.8837337800677678        5.2330915309594532        6.4246709174260888     
  0.75464255995847984        3.3588770483580865        4.2051587637654748     
   4.1110070801595562        4.6970515643190689        3.4855063682587093     
   1.4005108244173397        3.0960538511870692        10.776908909156440     
   1.0696030756077601        6.7240811416685746        13.421312640333751     
  0.97100880457147287        2.5796756816733559        5.4728155297541301     
   2.3410073852909443        5.0273801882991336        8.1293143303716899     
  0.83239658812015960        6.4611026309281359        18.033658229910557     
   6.8851772523251658        7.2213244553215699        7.5010868814983764     
   2.3000574834803960        3.5491554647613306        16.424684511832933     
   1.9017468904830455        6.0346566570108982        2.8055827075115727     
   6.2624068343436052        4.4216997955068642        16.683745374367060     
   4.9818624087477872        6.4157137732527927        5.4423749544006945     
   5.3516437060352260        1.4633164765193858        4.7498239467881538     
   4.4459246587137926       0.61321488259107459        1.3883779491975248     
   5.9788064956197990        3.3342708900382529        14.816242150087694     
   5.4672980183303785        5.1979696843642511        11.694697952866397     
   6.7899547260241357        4.0785009750248227        11.904922561415221     
   6.0950371175355995        3.0301456922806054        3.7396154473428385     
   5.7225357072268315       0.37859258973756527        8.6875333673888040     
   6.9806448691385574        4.9116713429336842        12.787521982276852     
  0.28170396417755550        1.4491479708196495        2.0413926086092364     
   4.0681491580294908        4.0354910829885335E-002   2.6847158236450297     
   2.6272974932861142        3.9529460691330294        5.6950925379721475     
   1.4491427177428891        5.3399578001692829        9.4899537810005228     
   6.1765436647497785        1.6110316487988425        1.4680245473764222     
   2.4070668897928913        6.1165415163790664        11.949853951054209     
  0.56586150131909896        5.2521091300042411        5.5596502592738810     
   3.0983604784314540        2.0343681016071273        14.762360707434699     
  0.17988975877040991        3.1930243518570824        9.7620985255836299     
   5.9524985384821658        1.3890734962079925        2.7146821056794441     
   1.5291255509619575        7.0498702104956648        7.2420643459982807     
   5.1830276316601367        4.7965207467903923        7.9527984333984865     
   6.9691680283870427        1.3636798185796404        13.436217589047322     
   4.5178947229549049        3.4320109156480445        11.066841368958221     
  0.52011494667077207        5.2138356312895411        16.304382742072640     
   4.7926152294326032        7.0572135905203925        15.677561285865734     
   2.8541418721412115        5.5450722809262887        8.9790517546639741     
   1.6973896442193590        2.8265385365811335        8.1391031779961871     
   3.3414907751426286        5.5276570044962856        16.624801213490070     
   6.0450333983395996       0.44657835718425359        10.835021758837629     
   2.9084835576117434        2.9556320207481868        6.8171444982322909     
   5.2533552470154214        3.3840999700274352        7.4565693706506426     
   4.0004402482493990        3.7039973813118996        5.9161279479683495     
   3.3269009800289990        5.0255589599233046        4.2676750267848904     
   2.0212882523471132       0.50996326037640871        7.1013191228917698     
   6.9643554955122999        6.7947771644365300        16.121564154010208     
   5.0830732637162690        2.1050121657932799        13.441364872533704     
   3.7669097288555142       0.78357296791373954        14.323973141754614     
   1.8654245106675589        6.0966079433788751        10.253864302648415     
  0.63843977674171892        7.4115768537883406        1.8191685881153721     
   6.7967423609437523        3.6228297341649864        17.102315045696162     
   5.6263451354066136       0.61723663043576249        2.2789324452077726     
   1.7582860752254144        1.8624083896553216        16.017033906955970     
   6.3040089943568685        2.9810576977655598        10.027938881262120     
   5.4614690706767473        6.7074322507173596        17.363433985938403     
   3.9977544104146254        1.2588533277115994        15.219052052487147     
   4.6826093947314282        4.3672530483405989        7.0302754193062587     
   4.4641291167833650        5.5289691910518481        2.6697593807486779     
   4.3942448834528971        1.9668751323842351        8.3975526718025399     
   3.6956365683576231        3.0929062594348080        11.805491507449862     
   4.4392143163844260        1.2911944630627357        2.6728168162024954     
  0.41521878010260527        7.1858872352408838        16.455875938264217     
   6.5934020357120318        4.9580451489584849        5.8400547064796475     
   5.7812206440886946        7.2643379058878494        2.2182533524414292     
   2.1214234349567960        2.9214735791738571        5.8333539888587183     
   7.2606787737656466        5.5955407774585009        6.5415477775639816     
  0.22855886389494756        1.3691641282400744        3.4416466790507205     
   6.1562667482338131        1.8438509734334314        9.2416459536324584     
   6.5217214491775186        4.9267036378023237        3.0489900383394017     
   6.3114444491780972        3.3314873190854084        7.8963942550728117     
  0.34981636615823530        4.6411050916300365        1.7085334281382281     
   6.4059670108608122        6.2351302361631378        17.021387051826505     
   5.4387042635246026        2.4464914019376938        1.2484170041572311     
   6.7770224106110870        2.5166448167593436        1.3643144407190075     
   5.3609406145847815        3.9863082425524956        6.2063958571116222     
   4.4570576794132721        2.2356780501632398        4.2633297136659083     
   5.3774427564584260        2.2187871822008378        17.261825502742127     
   5.9419649454408169E-002   1.2124177045040780        10.831291451669106     
  0.97327743475983586        5.5196588517820109        17.293079163946402     
  0.58445457072919904        6.9759638214443109        14.310109420359082     
   6.9370404819147700       0.94623511158868756        2.6304086401280862     
   5.7064218331082373       0.25677240117466016        4.1249529842007604     
   6.9440510025860123        3.7289276001228071        6.0575239942524295     
   2.1673816508766057        5.3894783676498701        17.146543856535779     
   6.2813517405947961        5.1763069235438568        10.987537867863100     
   3.1805211596944836        4.8102169447331727E-002   16.902883080890625     
   1.3544316072459885        3.7654102464324852        5.7320698460787440     
   2.7300536251199974        4.1936850769365392        17.039010042281149     
  0.49451749091353064        6.9006564741104510        12.374003279408097     
   3.7675035293780907        4.4636622200225391        12.884670431320904     
   3.9127902727960397        6.4545659538092419        18.375952223602159     
   5.7778639538111651        3.7584440608789205        8.6848560755157944     
   3.2777239277928820        7.3530202071976101        10.392146219451746     
   3.7383026429543644        6.3204955002254719        12.402400825699807     
  0.70882985753812655        6.5710138834954055        3.5039722341908086     
  0.13621583623884237        6.8107090327309168        2.5608659206427844     
   7.3130403616217112        7.1572827154713092        9.4234102350884505     
   6.5934805367982330        3.1141453906362400        13.975273400650901     
   4.8766672084759408        4.6896479435928633        17.987872683078322     
   1.7981118059250651        5.0953206811268537        2.5205665811263338     
   6.6619340035563326        6.4234893240307889        6.8977274180168182     
   1.6839473235778948        6.1768916959154243        8.9285527852692077     
   1.3365852050592004       0.65659205909467211        10.449519205958962     
   6.7018829755638540        6.1996130494477111        5.2239389174100372     
   4.9012476267408012        1.1842025548426793        17.031562488815428     
   2.8625721683335343        2.0126391474600207        17.516457327811469     
   5.1350830514636909        7.2487122057020894        11.112114565745079     
   5.4785947733792026        6.0182824315153640        4.5895983400469547     
  0.90103490878074310        2.1063006324826863        9.4278376827612611     
  0.65920583639736530        1.9964438731858494        11.747192183957027     
   2.9599988918690383        5.3918749454029600        13.054598849224721     
   6.7827791799169859        3.1762167567587136        12.808566201873292     
   6.1490195535969274        1.7910559712491159        18.081801798365564     
   4.0418800938983432        6.0882447003130737        9.8260166950938554     
   2.6164786932417510        1.2382680193806104        3.8670129110884557     
   6.5551747459835150        2.9244043541881731E-002   15.881877968652022     
   3.8192788854545690        3.6817470960525522        4.0985254563467803     
   4.4996253384144280        6.8452960581495557        13.018823628806762     
   4.5124760129906258        5.7512351384998075        1.6073723972719007     
  0.97411735558715740        1.1887102334323747        6.2548637476482378     
   3.5242797011074591        5.8442445502624603        15.104178775348192     
   6.3288092301449312        7.0338142611351895        11.342923502883263     
  0.97993178724967600        5.3954638256164094        3.2761445729212064     
   7.2747198057137821        5.6697990420064368        3.9836121728191474     
   2.3395760190861985        3.3863162724432185        14.967222679726282     
   4.8661823220293563       0.80099074804577453        7.9813391430552469     
   3.9612703294667226        6.0625094588257253        5.8656583390600057     
   5.0680234289405854        2.0481415184627192        3.2139801046895942     
   6.0642763038489633        4.1231459524686764        2.6638948101717062     
   4.0765829660129613        7.5314382813295504        8.0466451254446909     
   7.4858787480354723        3.4294166961901889        18.647907602991022     
  0.65021430206540942        5.5564237747034397        4.6289185054869737     
   5.6810690609257177        1.6212075936400399        11.589681404278673     
  0.49466987130003454        3.0225579336499222        15.318782589972704     
   1.5688344451299034        6.9767069903203618        16.096335988586418     
   4.1101486080853569        2.2909820427924372        13.010601861836602     
   1.6314900060348865        7.3205780567979675        17.201367786762123     
  0.77481732852050600       0.12546688190538269        3.8530846607436704     
   1.8091339553231063        6.2141503975345165        6.6672884803835943     
   4.5813513157539809        6.8789016524276561E-002   6.7294289198905437     
   2.5499147646774674       0.94302536744680543        14.375603634816205     
   4.0321331600416590        5.4114599094925868        18.744542652792980     
   4.4933429515114458        5.3200237995001691        6.4031192591665436     
   2.7222262107975861        6.4529488353263238        18.425474043531516     
   5.1416114461310514        3.3750723977769042        13.917133896868259     
   6.1536773968125429        2.9537901485296576        17.744336218867982     
   3.4737852752321858        2.8885304694351848        3.3834427553405528     
  0.80745301105212619        3.9917230990545192        7.9531473892787963     
  0.53790599415854767       0.46074406856920852        5.1480471640530485     
   4.2746968078728980        2.1334583396975120        10.666272189516281     
   5.7880185895612639        4.8793454371175615        4.1144732018104877     
   1.3642585850061326        6.1784170057637235E-002   9.4666385786889737     
   2.4295346446393582        5.0026620307712859        1.5442230944371318     
   4.9827710950444128        4.0282446042776749        9.8317336450244337     
   5.3690148943988412       0.56882943034870126        11.904996216865394     
   5.7016238474810708       0.41775734691359817        9.6204354210069223     
   6.1141890054064110        5.4676758688433837        15.566652410909571     
   7.5055723763288356        1.8709530565347143        14.714737840520668     
   1.6717423370045925        2.2441417478418799        12.737086595101545     
   6.9644463778086045       0.31022686448546960        10.202439173689172     
   4.2098368171119240        1.0320977191560976        12.229768931972062     
   2.6793193075902537        6.6306635642068450        10.818565317463687     
   4.3772109416273359        3.1872813026330848        12.557719797915952     
   3.6660688144434195        5.1362478065416495        1.2368075388895827     
   1.2614871338103155        9.6831804796008586E-003   6.3715574769574470     
  0.66276578345148218        2.6294768770970860        12.712187373627167     
   2.3705879411026602        3.9145139541921523        11.505935807667180     
  0.77098228393356283       0.39305763329973503        7.3295072844568869     
   5.9212090471704917        7.0217284490413414        10.363800938946811     
   3.1663335545027249        2.9552179640736980        9.8261941853596806     
   5.0694192835374210        2.7817710037524703        9.0949124571935904     
   1.3068899979411244        6.7249197658113351        11.202129597207017     
   6.2738276826163499        2.1794574378687122        12.610537774010067     
   7.1463883410512006        4.1808363475516419        10.863897918708632     
   4.8789705503669847        2.3146906324822840        11.915345410706070     
   2.7609186143888005        2.4124105252122594        18.430058704949719     
   9.2484776053176940E-002   7.2229854557825632        6.9449730335939748     
   4.6087522817327393        3.1679828549332232        3.0192119545662535     
   1.2644030170046383       0.73162369014346584        3.2168539891306320     
   4.9932587292580459       0.65150345962769540        15.718817516626840     
   3.9831672022530853        1.0594062739191743        16.173281424640070     
   2.4450511966306339        2.9677097952387790        12.761152715980165     
   6.4279865420912676       0.75546751820662372        7.7989012738744936     
   5.0483923697443327        5.6994547321329252        10.359357168621573     
   3.2507385557416768        6.9442908448061837        14.850752524557263     
   5.8196740485328204        5.4497009298360668        8.6432750508827354     
   5.8902684574892756        6.2354320211011984        13.436608306907857     
   6.9709746907322678        6.2075402902034815        3.1967537208048804     
   2.6164075232800834        5.6708120377337110        7.2823196500714458     
   6.2595094807631231        1.5330036999153454        16.826184076079961     
   4.2470686098528887        3.4128146277894884        7.9587419479995232     
   1.0765635669681339        6.2847029517538111        1.7961725228967003     
   3.4898156265626095        7.2178678557208933        6.1709009683501810     
   4.8781988573546267        3.8140315583152806        17.388409132720394     
   3.8843961813332877        4.0698927035374309E-003   15.641378631996011     
  0.58433812460523904        7.0027581528945406        10.315131337969428     
   2.1319018193124610       0.88124960106563954        16.830525862149404     
   4.4511638056856047        7.4796365578196058        4.4908594490878935     
   5.5484769936109846        4.7790714315174512        13.296228882962788     
   6.3196853792428023        2.5135673339334144        11.577535777835354     
   7.2363843125385277        1.7965026605270125        5.6962681389783825     
   2.6052679815261923        2.1807994617184190        3.1785167855021070     
   7.0813737562668297        2.0371835171273713        2.6141167853809342     
   5.6475149506199864        7.4857481473892351        7.2706578378616644     
   7.4939900242003707       0.58243392585933640        7.9792591425272734     
   4.0057001200506228       0.76266692686093474        17.603817975724112     
  0.21376846859349591        6.4171451087485254        4.5440997926543192     
   4.5021609213873779        2.6897070948982713        17.600232543424362     
   6.6054110439122695        5.3357799440254832        18.442215154537500     
   1.5503953185282391        4.2757696573329413        16.053237619912547     
   3.9556606806854058       0.74686349214920256        9.1016353862456416     
   2.8344110452394511        6.1954838442966889        6.4925785960317022     
   1.7356360420859331        7.2850818734942058        14.574797256642389     
   7.2144259839027578        1.9618180311556823        16.906065555475877     
   3.5499630014225771        3.6581557862468204        8.6039983393471200     
   5.8688348149311089        6.3457455543587704        9.4248877032990510     
   6.2355557039295917        2.5945267266012384        16.722173668163027     
   6.9426428683611654       0.45578336700650218        4.5313832112778529     
   3.9665875651778992        1.4258927028528021        7.0455431002893842     
   5.9775470783957481        4.9266260962241768        6.9195135967471559     
   4.5701236141214405        4.7917084513962420        4.8683929642426236     
   6.2326063916551373        7.1208906175526758        3.2508065967943045     
   3.1627991039411434        4.0797753731869442        13.657367750438322     
   3.9046681070120548       0.58444515799026175        13.129162727484680     
   6.8111639791396028        1.4486863226381923        3.9104567929899776     
   3.7662089183222740        3.8895409165105117        10.283262925253570     
   4.7518550803165001        7.5143699837538440        8.8989154760634985     
   2.8616501470986462       0.34026862927465373        1.5570688850434657     
   1.4866365068979295        2.3227794510643118        17.038005134365957     
   1.6427809018438972        1.8257885851169664        8.1725535832756826     
   2.8761877433811640        6.6701212090055897        13.824700472487478     
   3.5031935258700697        3.4491191256223392        17.570160357198922     
   7.0342418614674926        1.8578267313466064        8.5192519355333225     
   1.5810272889604293        7.3071900430232892        8.2335089681484614     
   1.8871773362157047        1.8038876263818786        11.564340418927815     
   2.5097448382036394        6.3923453744788290        16.298219782666628     
  0.90266819847432000        2.1662046538300896        10.432284167061852     
   3.8855681142228837        4.3813033086850393        1.9316656199490081     
   4.3102908940516365        3.0069766573628582        4.9629482656742061     
   4.0973036475371822        7.5045543418756084        9.7069766373178119     
   6.0483187934623208        4.0071658838950599        13.963457330202910     
   6.8775663810742005        4.9008523292071597        4.6390464248181438     
   3.6701889833389538        4.1478920209386745        15.595526551039875     
   2.5579530985515832E-002   6.0976231335381259        10.174052992461091     
   6.1889778085258174        6.4595636212144347        7.9785619051401975     
   5.1463875921722355        5.4972963416509986        7.1797821847033791     
   6.3719783513277921        6.9589548355228672        4.1752287292478654     
   4.0504903354628894        6.7443674575578232        2.5769027709787586     
   4.5672104875960677        4.7746153883260742E-002   12.440797886647843     
   2.8907780149039128        7.4919283157144498        9.3661326126927076     
   4.1116865568295005        5.3870558030650928        13.157349756327784     
  0.71539389004417309        5.6222291388407095        14.919399676121172     
   7.4856277736669048        1.3983129055489572        7.1754216360366989     
   5.2886797853006122        1.4909064174205622        12.696746140619533     
   6.4202349208238410        7.1526979693930004        6.0155953056866336     
   6.4439981648635731        3.3230173252634634        6.9211905768978097     
   2.8245965074643071       0.38840900419322788        18.501051069298985     
   4.9188827767763996        5.2855204987132147        15.241299307031019     
   4.2010019519790696        5.1290855016549486        16.239303855023984     
   7.0052433365557114       0.60522417059510314        6.6596538892011425     
   4.7125016143899447        3.0438667091044875        6.0218896274958720     
   7.1971173220322378        2.3067842832836525        13.860909589589646     
  0.71822239425375378        6.8392543260884242        8.9455403992964442     
   1.7022909244225346        3.7932772373260217        12.492555701342265     
   6.2489412899163055        1.7160685427488884        13.993090122759250     
   1.7882749176367039        6.7718946326771983        3.7788223235151013     
   3.2114306571279214       0.91937731192436500        10.806558535986115     
   2.7230979751848321        4.1277615286326430        12.756915180774193     
   7.3557874246739008        5.7049413207530515        15.436261892486266     
   3.0368083065062019       0.13630717825498845        13.472686586992562     
   7.2589102590306229        3.0856906532807047        8.4864328807745864     
   5.5582198399839822        5.9907266739912073        12.429924296861360     
   3.0511153577391381        7.0834302030176950        11.767905082824431     
   6.9011453197229811       0.32502892616298357        11.438879301286985     
   3.1514800768157523        3.9492559097683810        6.6448880405782713     
   8.7415760877627854E-002   2.8636703507539147        17.084238350946446     
  0.14113597360475444        2.5835653925881696        11.084500175632732     
   2.8058310841739460        1.2953871610303944        6.5197881177809416     
   3.5924840374738776        5.2114633336567042        7.6788232377147656     
   7.0877877145915447        7.0848259616842082        5.1256796310388575     
   1.8780921609016445        5.3522685974106059        14.837911281061430     
  0.79616421707469531       0.51903435328791958        8.6463378837455611     
   4.3091510323807229        2.0508467820856113        5.5257564887308046     
   2.3860106041245075        5.0616353037308111        4.7936835593083726     
   6.1266793278642870        6.0103041781025972        3.8770669142431839     
   1.0488219198400359        3.6268574577713308        16.989833991574695     
  0.37028300292509725        4.0136500662409587        15.922343230063031     
   5.1630042188963241        3.8255009990304281        5.3127891091750827     
   6.3136853107212660        2.1886938218414480        7.4643124695351988     
   7.5223464326495586        6.1744995858814029        18.453871089226602     
   2.3371410124247540        6.4337001795122610        15.048636216670261     
   5.4056597843930057        7.0700646341303850        12.120952419524254     
   5.4323125737291322       0.80506425065292420        6.8158476986732817     
   7.3869746233925104        3.6849093217076225        4.3332260842144530     
   5.6285943103973217        1.5317059992130440        8.0875427445558383     
   4.7737468333871007       0.80009357843453655        10.266062293311476     
  0.57510732273707765        1.4407483974325175        14.002074447469630     
   1.1980733991097252        5.4904977744047896        13.935653718371206     
   4.8543779220688554        5.2006423053083319E-002   16.655153279030706     
  0.30222569460683552        7.4611665907556795        15.286356983582248     
  0.46525651959256353        6.2310505457677756        16.630617761116152     
   3.8964057900687346        3.9996891943261321        16.737216383889308     
   1.8685980304733683       0.84365998362088035        9.1915356255712553     
   4.6651719340706510        3.6597831858782217        1.4825880946307968     
   6.7497863997162648        5.5259784143449506        7.6788340501458903     
   1.8641313658027820        1.8445749040061548        5.1931852137731749     
   1.5917106845891118        2.9067839633850427        11.961732982013261     
   2.5321194584819335        5.4724263453017077        5.6719961642431285     
  0.13486112565010411        3.9716673760665704        17.465455592793187     
   7.2459197984072832        7.3754307951924734        3.7426004785649218     
   4.9689010403822058        6.2174784521271862        11.633812672533333     
   6.7488789822861417        3.6774423797703575        15.924746209580830     
   4.8285907769878049        6.7279143538290516        1.8804043593976001     
   1.9805805781216368        1.7916128461716210        10.300794413257840     
   7.5511233893055003        3.7070047375667263        1.2993485126113511     
