 -0.27669879126981578      -0.92880600953161152        1.3540697770148979     
  -1.3515747803853366        1.3775775257057541       0.13067060382690615     
   1.4877115093875097       0.38840654520141626      -0.42288864010015725     
 -0.64251870644513998      -0.33353851428502718        2.2063693822410819     
 -0.62196678991438625       -1.5064783221965117      -0.81762638538604060     
  0.69562081825555533        1.7490279380753502       0.14837128648642986     
   1.1017562657444564      -0.94275390323893682      -0.63963493788620474     
  0.11587424967222933      -0.48279636182104352       0.68406032840649400     
 -0.22170318421695154       0.83692735446863620        8.0331004383028246E-002
  -1.4928868595498437      -0.79823046730858438        1.9128909835443295     
 -0.83885952294653032        8.7109365064348993E-002  0.90448502248152329     
 -0.69691342876189732        1.9449786540307419       -7.7605191736118781E-002
   1.6257267172315624      -0.18379358776054899       0.16228082061483862     
  0.35003474057725564      -0.15356357285880623       0.40339963074938312     
   4.1704237569482015E-002 -0.43951511424313466       -1.0605862430811910     
  0.84847337629734942      -0.23924981325433839       0.93732509111807183     
 -0.29143089489680574        1.4005725440514787        1.0600507819746565     
   1.7338700112806982      -0.52114840426466191       0.77367686842467953     
 -0.15628895313865307      -0.32471128512797182      -0.60065924005337790     
   1.6100291361459389E-002   2.3741138512904696       -2.8379986238478923     
  0.23697148313022864       -1.9878897348156175      -0.19735586625180970     
 -0.73547691644294511        3.7628745016126869E-002   1.6117603881811726     
  0.39205761159908559       0.25610194176104134       0.51815092370926019     
   2.0545804860324872      -0.33213938045818886       0.54454341904955950     
  0.19761708783821980        1.0400530435716635      -0.21251212451057414     
   1.0499711615528113       -2.2574914952833622        2.2563776982332020     
  0.86395673528122563       0.99020485912506151      -0.45167687171870985     
   1.6020974673247357      -0.33772569480800685        1.4297758693451270     
   1.4743992517313602       0.30780441081967885       0.60515046114609772     
 -0.62282600785211129        1.4980773265033724        1.7048501965120417     
  -1.5032548455565671      -0.25999444528886917      -0.27030611552966344     
   1.2725317401229124       0.71751395732096634       -1.3744045887344090     
   1.8559186043189022       0.64675729018968098       0.83204310760371003     
   1.7222688319756967        3.2903206175972275       -1.0258971929029714     
   5.6955543611030814E-002 -0.50861442081010499      -0.68443698217840598     
  -1.0025062413349175      -0.89296069206877104        1.4178688231065864     
  -1.0399647245390602      -0.63029768472786696      -0.31290093253339385     
 -0.32057094547422765       -1.6224957792192778      -0.88602460311123221     
   1.2545323460858120       0.59070145456115442      -0.73295019847348031     
   1.6463891783574192      -0.95503963305198969       0.37893873739978023     
   1.3993137525540138       -1.2697580473820742      -0.20648845607234423     
   1.8498998499168768       0.10861277456923392       0.37550352597060732     
   1.8988992801102712E-002  -1.5887857977594586       0.24650876277442282     
  0.13400640435732802      -0.55245650438114957       -2.0736021720278530     
  0.99416036670635122      -0.51513366591184950        6.1470759293668756E-002
 -0.77518084115069497       -2.2288626252716419      -0.31930441311404373     
 -0.24019855990226413       0.36413753991673514      -0.73565203185133998     
  0.25410613551664168      -0.95334828047851483       -1.4839121504092332     
   2.0337663248133904       0.91206319303231120       0.80319041608621089     
  -1.7999240502150857        1.5505216895715914       0.75531430402290167     
  -1.8245699881417818       0.78938362671913387      -0.77878450863085591     
  0.85834187807182039       0.44186249981042064       0.58408680027504367     
   2.5082342568160412E-002 -0.35421283564646505        5.8699253212172522E-002
 -0.10755709091924189        2.2294765016511979       -2.1803298110673288     
  -1.8143923566349902      -0.87313386594786457       0.84320625218437861     
  0.73820718712616240       -1.7765993313899437        2.2250277874352471E-002
  -2.1192775326645381        2.5582843147488465        1.3433824411732682     
   3.2638072601789299       -1.2699839300177653       -1.1558813650205360     
   1.8760188712742050      -0.47491153280742160        2.3621016453630612     
   1.2290676721233738       0.42275872440515821       0.46439511821117230     
  -1.0857768422058325       0.74807489818921691        2.2780378531081946     
   2.3730478752543211      -0.16967851029366646        1.9401851358227202     
 -0.14422773375660661        1.0632698303646824       -3.7983321070916835E-002
   1.5589328681909624        2.8957407245565983        1.7025211411645158     
   1.4887976460234076       0.69421453062285610      -0.43624189465239971     
   1.7453110315008751      -0.97385676518825393        1.4030712858827838     
  -7.0250682156233951E-002  -1.8594242148338234       -2.1800883875537576     
  0.41649613696139892        1.7313306863058708      -0.45434677711006966     
  0.42668059776444023       0.63769445604647113       0.10542781092752118     
  0.88888669394432684       -2.2422970240384053       0.74600008485401803     
  -2.1668862328077201        1.0786502499753996       0.68463401442369587     
  0.27391266460470587       0.95223536725846147        1.3837345850271501     
   1.3972116710032265       0.33732501860869818        1.2003286432389668     
   1.0276165329944296      -0.94945162434497155       0.58264006580022421     
   1.7937387170535746      -0.91079170881790561      -0.29533937521161241     
  0.35300110813295837      -0.66233942085471043       0.44310819332070178     
  0.17808064616553523      -0.16866175097974037        1.9346186675275313E-002
  0.48337925304981538      -0.55557880441182206      -0.36065889589796807     
  0.13877467488668338       0.55967359978284725      -0.33458607737834528     
  -1.1727460092474420       0.30298900159908432        1.6790669621235026     
   2.6217605029383728        1.7750066791433723        1.9740172202497659     
  -1.4666185225222059       -1.7641549698204890        1.1653648472264579     
  0.56096637702574770        5.2375809281349009E-002  0.64921602013694923     
   1.0403506711403465      -0.61131241315170914       0.19411010985089927     
  -1.6645109879671911       0.35077867877527502       0.12492130378912204     
  -3.7622353626618629E-002 -0.19175763978096499       -1.1685681045124781     
 -0.85512027366801879        2.4790350779929571       0.56029362098651181     
  -8.0652656014362327E-003   1.0552076274284725      -0.27434033271460528     
 -0.39699448566200962      -0.81432009993028165      -0.13394981962739105     
  -5.5914240043237251E-002 -0.92730665439858972       -1.1507131539133792     
  0.85267284487121386       0.59192058682536985       -8.5502507877802059E-002
   6.5613138787575048E-002 -0.34524142755308967      -0.22774320692248806     
  -3.1291372743334059E-002  0.54234766938650936       0.28373769160621559     
   1.5717531193176595      -0.36052538125519817       -1.8079324303352406     
  0.49742171066174073        1.2106798238009320      -0.77613876040642782     
   9.5010631036622689E-002  0.42071061683419386      -0.99961117711991776     
  0.29074370065419208      -0.86295423093340684       -1.1380309117566114     
   1.3267419948269847      -0.58469965725867223      -0.76578272792592550     
   1.3898907253957147       -2.6872862504965389      -0.36284323144445091     
  -2.4780568654703332        2.6795692400749282       0.36255641969054531     
   1.6400629136655611       0.53890173076119352       -1.4671961772912174     
  -4.9638562216749678E-002 -0.81732624841691615       0.40457017022410280     
  -1.2129492030851998       0.55526575932124334        3.6480064733463440E-003
  0.71786481123313284       0.96809392068700040       -1.3711203556771008     
   2.0958697754202258       -1.8491635751147086       0.57264946902340397     
  -2.0691703412687721      -0.38646068916866799        1.4207159437790406     
 -0.39202849185823485       0.16814451252942095       0.71552371192507458     
 -0.32283356239390820      -0.49583193614158055      -0.59129450289729057     
  0.58021207559080534       0.23275005800262341        1.7843732062512767     
  -1.6114106550805030       -1.6916882904076798      -0.11002436581283873     
  0.74334364719322088        7.6884396699500215E-002  0.47343864183105128     
 -0.20489505032225139        4.5268577067692203E-002 -0.45050600303437871     
   1.1083321482133999       0.66428631622595424        1.8000067597679579     
  -3.9734781529740984E-002  0.36405338054192571       0.15008785395612917     
   1.8096036480065016      -0.49980763731234068       0.32393103251624666     
  -1.0241391641371891       0.75596407913380104        2.3684425422244795     
  0.62211585604074082        1.4469057837422685       -8.2329134937177084E-002
 -0.57085345249415176       -1.4641832817048310       0.34702387713558391     
   1.5027254111162225       0.13243767021047492        1.8636197652558675     
   1.1057379519827222        1.5400238410443468      -0.89405579334071772     
   1.4720082090678046        8.6692505726484511E-003   1.8704748127247011     
   1.6629170213933324      -0.35021389506573009       0.66772430173325559     
 -0.22390392021111402       0.49949985925528745       -1.1795134448425735     
  -2.5647825833795510        1.1376908806656900       0.70447795204447472     
 -0.45751509026089143       0.31077797641502369        1.4032859605901846     
  -1.0536554436448247        1.3600565908031976       0.89309443092825080     
  0.10883954075465249       -4.0242850898544125E-002  -2.0965657827508486     
 -0.49514758381595309       0.30164631433913464       -1.9443899771733795     
 -0.15789519190250428        1.6230395239638131        2.9690626751431615     
  -1.6059475537523971      -0.26583624467549904      -0.43837907019457556     
  0.82034185101714630        2.7068543138206079E-002  0.18235309545555459     
  -1.1079388980079727        1.0874796483282483       0.29587093697784217     
  -6.8074319757603224E-002   2.8294305200435166       -1.6219245153452762     
 -0.54164355097157113       -2.0359270370041154       0.83904339950055518     
 -0.93812758154611198        1.2930071606835334       0.80962545353487825     
  -2.1446140651493795      -0.97800281563761204        2.6822243908120256     
   2.1597310713615152       -2.0006005226198580       0.89777716511786787     
 -0.53654430004851128        1.3564317089222195       -1.5168469615200311     
 -0.28835669865017316        1.6203800390971506        1.9233337855256787     
 -0.70458708433368611       -1.9257697837716186        1.7156493406872193     
 -0.32327130332440840       -2.1115667584048312       -2.6418241787985766     
   1.0229677007540732       0.50531813282424776      -0.89554058472959008     
   1.0509972193515509        2.0332400132042827       -1.0235614278524265     
  0.96720711638985268        1.4759695699399615       0.71153081487225200     
  -5.3459229624537544E-002  -1.4777463936651216        2.8899443487276684     
 -0.89169815823122645       0.70882773533590171       0.86331186627287437     
 -0.15036926422274768        7.0266294261438017E-002   1.4021514377448645     
  0.17347237592042999      -0.46742490237317919       -2.0026049918001005     
   1.2605652463890495       -1.9464330570750514        1.4079516399320813     
  -2.1489187083473427       0.40910979655653684        2.0216669563055598     
  -1.5521842009932310      -0.29019436192562581      -0.66473595746028724     
  0.10356335692139655      -0.36680451792903057       -1.5916455042201090     
   1.0289639856569541       0.24424883538045644       -1.9666848036006124     
  0.37803703993829263       -1.3930204167538986       -1.9915995674142590     
   1.9920149031477121      -0.97158404976717039      -0.91926951638487098     
 -0.56521458533131219        1.6919886971683427      -0.58835153580763133     
 -0.45034239480054816       -2.2482736248619100      -0.89587099058993080     
  -1.8309948887899399       0.88679701012754686      -0.67839759820992929     
   1.9936225644782786       0.30603607953850703        1.4600578989734145     
  -1.8091232415519696        1.6375625918498975      -0.18259931747921315     
   2.0205005813658743      -0.19891207307800057       0.25325403649069728     
 -0.41664718935933082       0.20417684098222927        4.9534343886388586E-003
   1.9215361524479579        1.7059658434032521      -0.82432480436063649     
  -1.1818720386387762        2.1859319369813206       0.15286703782359898     
   1.3033028945211536      -0.58998973432892321       -1.0621378630695006     
 -0.83496803630713468       0.87505062123075017      -0.11738559184292389     
 -0.66834321415544917      -0.60334495120098597       0.76986633486821221     
 -0.84738241240882595      -0.68190403827725976       0.66995038329491452     
  0.77446107866688307      -0.66354737265078501       0.62591138678172253     
 -0.46022269592498904        1.0259554961358168       0.95509488541985255     
  0.57346996075271073      -0.40397004389758534      -0.15915611981278896     
  0.71723970599628395        1.0367925000315432       -1.1081623871907078     
   1.4882737588654225      -0.72605461282209371        1.9092642750353217     
   2.2607326239215730       -1.1915835036631541       -6.8180919341081836E-002
 -0.32814775996857520        2.1139237015386437E-002  -2.1145888867468097     
 -0.93202912809762251        1.6201377914506230        1.8988153642040602     
  -1.4149421910367250      -0.83739058381556752      -0.89437254615013562     
  -4.4067563427242384E-002 -0.78183722233637498       0.17609951611644964     
  -1.1560678548118741      -0.53646289940715530       -1.0573171026215751     
  0.11584282512589925        1.3407269619004227      -0.17979581455271754     
  0.75344431469027184       0.81667258670476839       -1.0286667923952073     
  -1.7448666028423779E-002 -0.69929285890286041        2.2780437911965152     
 -0.41660890371711345       -1.2400347584759017      -0.41864914179674495     
   1.3337824945050744E-003  0.46593023227752378        1.4941324549302530     
  -2.9082081093360027E-002 -0.57722759459764972      -0.23668310909282414     
  -1.4421659545964212       -1.1002094668592692      -0.26498983306195473     
  -2.4732145520040718        2.0385071026914368       0.28645831244319464     
   1.0632210506261370        1.0987546975546219      -0.49880125100078865     
  0.35170098621949542      -0.37018701571826157      -0.70689691626560314     
   1.0116686431523456       0.99730842540878040       0.73058855617651319     
  -1.1734650469642804       0.21760874635953370      -0.44094089852430840     
  0.14286853176524208      -0.62938083163070990       -1.0875966890229556     
   1.0259825868190371       0.21943351666148883        1.0743287743246166     
  0.84712542724098727        2.0285232843845664      -0.94171674027800989     
  -2.9077131928949460       -1.6373124765175358       0.95536164596517414     
   1.6467764151508735       -2.0689835564446484        2.0940517140146797     
   1.7697944054971153        1.0606182741138346       -9.7321474723285964E-002
 -0.23971093559595760       0.62338671161001868       0.72936291191105684     
  -1.8216832688773816       0.97285883880197421        1.1148466582592411     
  -1.3225519760501614        1.3272843422708642      -0.34602117411983796     
 -0.19316617760225724       0.39422878692790114       0.86187992375305056     
 -0.51601567794568060       -2.5055123649587081       -1.5249629574097046     
  -1.7635092219691983      -0.16832145572231130        7.6620696058798593E-002
  0.11940806323761638      -0.33933890714969367      -0.56925774270789142     
   9.6226625328105220E-002  0.93291976947749422       -1.6859077583657791     
   1.2938676389338952       -1.2018093789593673        1.5429259301734730     
  -1.3718678771022257      -0.59747142360950634       -8.9661984005024772E-002
  0.26396135676411170       0.58879270760868641       -1.1121689327472433     
 -0.85519721780175773        1.1013117933680170      -0.14957772651761747     
   1.5616732346292022        2.4948569436861310       0.25556206721262964     
  -6.6372881220185767E-002   1.1684288795287827       -2.1099432780340108     
 -0.49231246396663864        1.8912040554659415        3.0863216073579354     
  0.41686380090748332      -0.72936044463249972       -1.4711822885859183     
 -0.90219416711063805       0.82532403490830453       0.21352395053825862     
 -0.31820341172382260       0.37473779946240210        1.2884204002833346     
 -0.70995917108035722       -1.0544424466810360       0.24512227222974381     
  0.92980944828775602       -1.4926609435445251      -0.52431417307364969     
  0.44175021248482116       -1.2821187058354537        1.2115769451520702     
  0.11515588783291011        1.7842617384251072        6.7589437499836411E-002
 -0.39213028155475899      -0.46607701866521012       -2.0149763182111782     
  -1.8947888878515504       -1.2500415321028795       0.56753626403752377     
 -0.37607862188490832       0.44413874442478785       0.67788350198490221     
  0.55831083331160780        2.5612208342589033        1.8252849411566685     
  -1.4624694499807103        1.3135631798678180      -0.38878674486052422     
  0.67856615272198684        1.1830413049917776      -0.36296614525041693     
  0.29832441347632432       0.84974259322883994       -1.5816930567188148     
  -1.4186783105316449      -0.10839774887667457       -1.9428540557623175     
   1.4730037683026365       -6.3101128576594445E-002  -7.7385825364092678E-002
  0.20192439007144886       -1.0716949548691186       0.58775290916036860     
 -0.45898575508872902       -1.3993359331562567       0.11149555646075537     
  0.79540102547485725      -0.36221347722846808      -0.39399938013880886     
  0.89735808969913167       0.67740087123014570       0.89370535250379257     
   3.1979233578897563       0.89546081520191056      -0.59530128945493821     
 -0.17358334698162428       0.63226993828176470       -2.2251303984327722     
  -1.8144515373514019       0.15207588972351632       -1.2091399054893504     
   1.0957989192897359      -0.19976401309757466       -1.2948180657947359     
  0.62980685232366551       0.48312860825907333        1.4111051492187272     
 -0.57613660273879508       -1.3651464906368753       0.15477222990597178     
   1.5239657821919854        1.4037949971988848       0.18332776114810098     
  0.93422558672071587       0.74229504605599406       0.56977403773363788     
  0.79407974452549945       0.97826456687394714       -9.2949169025752232E-002
 -0.89262301386584653       0.39673690204705814        6.3484016594168552E-002
   1.6632613417652509       0.94309389983238123        1.3859937285390671     
 -0.13049372435209680        2.0724853036569448       -2.6313161957709599     
 -0.90309753778902657      -0.24477638455219750        4.2895551837108276E-002
  0.88569986425096192      -0.96124122376191046      -0.49102901226514439     
   2.1160296655829760      -0.12056390093457664      -0.33445939773008854     
 -0.83557858279675334      -0.46565560035370740      -0.94263239672731969     
  -2.3768257510297270      -0.40325021819185819       0.28659732382508230     
 -0.13151708650814942       0.55736757139601112       -3.7374029677903604E-002
 -0.21015819838957489       -3.7641370545389859E-002  0.38469277029956722     
 -0.26626399026691222        1.2525107449323809       0.16056092178284712     
 -0.56473472154546034       0.26503918842741903       -1.0481122449324201     
 -0.43393115009557309       0.13550655747331794        1.1982941738502129     
  0.12877070764462897        1.2080610867639427      -0.61072434765787387     
  -1.2040075739783052        1.6296237436386458       0.26314937033681829     
  -1.2230183650054791      -0.62282021458155645       0.79253158322050932     
  -1.1528706688509169       0.48457981122553129        1.0640760756809891     
  -8.9982767800849697E-002 -0.55866671345506724      -0.45595709153527414     
   1.2403296557209205      -0.97781326389194023       0.27857659443702693     
 -0.33774038750841090        1.2299750396306051       0.53009103546062109     
  0.88581482949990764        2.3627822407297359       0.22988741327978390     
  -1.5492374847628954       0.97712492089179415       0.59570044821256152     
 -0.20177935889131593      -0.77057510195230083       -1.1004621514680986     
 -0.60190930844464885       0.97075451997890805       0.58958102058441642     
 -0.20823075881728062       -2.0142818539377392        1.9237333121236308E-002
   1.3378873313566637       0.30120345442419055       0.46424483414425666     
  0.71022206696603452       0.99454106612481796       0.19194009586660057     
 -0.92797353065037291        1.1092647861530609       -1.6883694779567180     
 -0.14265219653936975        1.2559687659766692      -0.12446435667996436     
 -0.25380023547397718      -0.41227135335586684        1.3983369806672254     
 -0.54989108357873284       0.14395334546390792       -1.5754172770459520     
 -0.41678269563454862        1.6081312440151900      -0.23350229494805536     
  -1.6904859454388512       0.14645209907341825      -0.62385879461854787     
  -1.4187975995836235       -1.0843408868457838      -0.89156023013371311     
  -1.0291763405027112      -0.61287700416770341        1.5135198621980972     
   5.0615290890243334E-003 -0.63450311338571386        2.0566716402160130E-002
   8.7893506115460679E-002  0.98183297381442491      -0.51831646818780353     
 -0.86819646998033673      -0.89262618362752866       -3.4571375364366802E-002
 -0.17024959494613187      -0.33664968890337038       -9.0258708417089453E-002
  -1.3580152937106726       0.70644661420180188      -0.23438420192522755     
 -0.31322408718613470       0.94863501616198298       0.87080187386887509     
 -0.46831979468900609        1.9487839191689882      -0.30372095430693852     
  -1.0430164875641248        1.1780863355357922      -0.89817067122524341     
 -0.55809864485911531      -0.39773874900720219       0.96164229441894200     
  -1.0578588791768491        1.4448636248441067        1.0930222332781401     
  0.31568585516977954        2.2209071726266513E-002 -0.85176869622295448     
  0.52094587400336756        1.2441836878453107       0.15943512139335975     
 -0.40587398586787077       0.56876345005091022       0.10457890206419063     
  -1.7908952458997953        7.6372862641812922E-002  0.96348089822994620     
  0.41524388052455102      -0.70425928737269927       -1.2984216159490105     
   1.0753416009119083       0.43946538115842754        1.7367115789561414     
  0.28003479413881810      -0.60444992165188038        1.0901754209222727     
  0.94526652994949434       0.72455697639666206      -0.47255023315263511     
  -1.8019955023850132        1.2161586579438475       0.80816378925375654     
  -1.4687479750876367      -0.33144589762819354      -0.34851134130646139     
  0.95205247489498046       0.88087916646356212      -0.57341681299362657     
 -0.17243424336154159        1.6199832852676892        2.9380379536755766E-002
 -0.77176450367556138        1.5051968621715714      -0.73629540378624481     
  0.84166404382850180      -0.56023467487000822       -1.4462865465199580E-002
  0.96230384948246750      -0.10002266706053214        1.0529139499465978     
  -1.2286180016463146      -0.43303771866212770        1.8686084282900649E-002
   1.3263841713905236       0.91021356285772559       0.20865510441314722     
  0.38041807797114729       0.21139689952458454      -0.25843416988523382     
  -1.4578765855282740       0.35933598688092355       0.52087502855904755     
 -0.54154624604346258       -1.1581368379320918      -0.37410625672716585     
   2.0322838731620765       0.65791185419925780      -0.22872158209244176     
  0.24476587460883817      -0.22625262921649655        8.0206199717844873E-002
 -0.35783808779572007       -7.6567322137850155E-002 -0.95975195890459220     
 -0.35141336573111598       -1.1382264007137413       -1.6973931778847737     
 -0.19697394828832943       0.76821672664395946      -0.57480609577197517     
  -1.0847802435347718       0.64388856675924655      -0.42402891463434256     
  0.45785593305545791       0.88745940445340576      -0.32221229819134245     
  -2.0013108821450074      -0.26057583492832764        2.2133320567725452     
 -0.87014733030976554      -0.49621284577715757       0.17238680269562562     
  0.19933730553354329      -0.31055955138255886       0.36298559187008861     
  -2.0468008860582718        1.4437072347865478       -1.3020092814430684     
   6.8048908696328042E-002 -0.47308957120034062      -0.15092239187220138     
 -0.13147539913198569        1.1556236381359237       0.47381213415186307     
 -0.54825726303146594       0.35920129524324385      -0.81248613390067792     
  -1.1686878528380495        1.0488894953987407      -0.37840821885464876     
  -1.7501038934219841       0.22617116327967196      -0.90971057418052548     
  0.43848056486214027       -1.4172860232139706       0.23380756257153779     
 -0.84686394675537324       0.74440371092808966      -0.65146438634622339     
   1.3074220827135792       0.56857374647307124      -0.10143710223981753     
 -0.27260092499386318       0.19641881831416200      -0.24569805726183525     
  0.86651859410022025       -1.7584198908838087      -0.67219315662037771     
 -0.87548032300331657       -2.2317257339028549       -1.4349739640658186     
 -0.30242246259559047      -0.78548325276151765       -2.2505052899991829     
  0.33101622215436893      -0.32941191231013345       0.11973994672294468     
  -1.0916556242695672        1.3474837331526193       -8.6503718477972336E-002
 -0.22577853878326135      -0.23077373528428699       0.91344812389572649     
   4.1591172384830739E-002 -0.83868716761115525       0.39933211418504461     
 -0.64699639678360021      -0.70940273526011755       0.63726272404085638     
  0.28270881790678876        1.1446227387357566       0.30459765978975728     
  0.85164991411384239       -1.2473704168336543       0.14070849980323058     
 -0.35568073516098725        8.1615780299611820E-002 -0.23630629984503912     
 -0.61663942792459159       0.78799068875624412       0.82674730571903277     
  0.18887836831075080       0.89311711501104107       0.82538881348909643     
 -0.30228384148133769      -0.72504143285578104        6.8680364368359739E-002
   1.0811452570461169        9.0175776476307049E-002 -0.13294089452453056     
  0.56992314625482166        1.1369759233092462       0.18814138978893530     
 -0.90903033566000435       0.18055084078298914      -0.59893380350541348     
 -0.57787301993327422        1.3251423282401993        1.3456876734019767     
  -5.0386461681528334E-002  -2.0430932179076171      -0.54163078031162959     
   2.0777946258241862        2.6023499121624765      -0.61348274424797233     
 -0.54632354946773576        1.0586240239738045      -0.40713275358381373     
 -0.16402080719515488       -1.2898063533908934       0.64935236891399539     
 -0.26341230303824870       -1.1313907855302483       0.72401773480159515     
  0.31684753840801716        1.8136421487606267        1.4057260842073300     
  0.12743749394232456       -1.0354868582682328        1.3379809731443213     
   2.3425191434239232       0.27628138767903671      -0.12286411034841303     
  0.71645267618788810       0.24119901313931372       0.63122602971672270     
   2.3772014255989720        1.2201029516769237       -1.0592363906250020     
  0.28899662143904109        2.0460738149930990       0.33060298011535977     
  -1.6588655803728654       0.92718762614022165        1.6438342737266184E-002
 -0.31553673468648785        2.3077471435398760      -0.45913706731854709     
 -0.34844811768310296      -0.42233430488046853       0.12615385627027637     
  0.17191624956676288      -0.25843534581397171       0.87257058631102535     
   1.1285852984500744      -0.92979461842626099      -0.18024917037998262     
 -0.73608276539606110        1.2313212301026637        1.3845483619130685     
  0.85771745532618926        5.1746815770172025E-002  -1.0078514185581899     
 -0.38135605867213246        9.1639527665628925E-002   9.2461958957211793E-002
  0.39500533020428186      -0.73502136714227118       0.51359751154926681     
  -1.6688053425243119       0.49832513690686009        1.5956387684925071     
 -0.67856292496961812      -0.54757562555575756       0.34035082372814079     
 -0.12527147150187370        1.0078464571823702       -1.0970174301760045     
  -1.1221446867954918       0.35400616370229460      -0.13246913892295140     
   1.0869221014482346      -0.53631463510118771       0.72106682796599775     
   1.2643204962014460      -0.29104889223283609       0.65074824779292484     
  -1.0928571092750390      -0.80740589090156556       -1.1944861081323637     
   1.4318341853696772      -0.42960442037087188        1.3375066829031910     
 -0.22267437918460323       0.92555930289152588       -1.2450196163186613     
   1.3102034148667348       0.95642862491579794       -1.0605259259949824     
   1.3417919555722959       0.98867510095585776      -0.53051168283293826     
  -1.4225598820828638       -1.7413820232006744E-002   1.1760704629094514     
  0.23949189190743020       -1.1947640099935031      -0.36409731592614369     
   2.9487586320908870       -1.7259609110774581      -0.62249701321724527     
  -1.5464961246729758        8.1116808684836103E-002 -0.70438440436058936     
  0.27164078971391264       -2.3481939255373323       0.33537686781392168     
  -1.3675286726862959       0.14811425250819482      -0.62504079723413142     
   2.1443490358543484       0.28185743109243611      -0.74185283278755554     
 -0.73635974870553422        1.4085236313644129       -1.0868637554896328     
  0.49668306011944668        1.5817037536944405       0.22897700803306242     
   1.0884067121894343       0.30006065012529348       0.79494573279931013     
 -0.41161126345326504       0.28768257777529110        1.2810827092473032     
  0.33965670052877511       0.34842504119541012       -2.6991977717479632E-002
  0.59617239309647541       0.35021442689664228       0.39488398619805731     
 -0.42743087537848651       0.55425092099855788        1.9036814644210720     
  0.18201515383670766      -0.97454060543152199       -1.8037817356951681E-002
   9.4614498820363366E-002 -0.16441303781712116       0.76120567645240700     
  -1.9147961603379389       -1.3380405682652190       0.76308581611589821     
 -0.20413547253084197       0.52931662069285268      -0.28007185058580081     
  0.62399098513462214      -0.84233726726908664        1.1158579941618303     
   1.9475274571922505      -0.55824385030408519       0.81658506177331425     
 -0.74913427707471492      -0.17813273993298059      -0.41453752485874928     
   9.7832488601387990E-002   1.8463182968596954       -3.0730247649787150E-002
   1.5365705212571505       0.68151203010424344       0.36022138415450428     
 -0.46928769677562626       0.93492823056391150       0.79381225761186081     
  0.35515632990943269      -0.71836895572785808        1.0224946260234011     
  -4.5312641660036027E-002   2.1638107209903650      -0.41157201563229362     
  -5.9997931876476007E-002  0.70382963472919868      -0.96506739452290380     
 -0.41158397785908862       0.90665799977225070      -0.18887190040900470     
   5.9927313410919315E-002  -2.1267458145757883      -0.36608495135832547     
  0.20989463895364902      -0.85307718086070228       -1.4622616283936403     
 -0.25908852018255352      -0.58079864268399717       0.15473575347933494     
   1.3975454225185735        1.5550410400449517      -0.82759350332329762     
  -1.1878093389410880       0.27699576075961618       0.35806822950202144     
  -1.1470538319352686       -2.1070686205118028E-002  0.40494372807534962     
  -4.6980075300361968E-002  0.19924748867858949      -0.33479891330630424     
   1.5370144166548181       -1.6228982261631619        2.2149323282419546     
   5.6329908573146674E-002  -1.9156292573214457       -1.0773992084554489     
   5.7071478510621935E-002   1.1169801607006604        1.2797368126749948     
  0.11753644169368860        1.0432711169194775        8.2200646048053133E-002
 -0.42367985674479214       0.54694687373169892       0.61045908432626428     
 -0.23969869547429901        1.5238508671107118      -0.62882738475506705     
  -1.1683663367521639      -0.31992019119297366      -0.70511552487798046     
  -1.6054030303766993      -0.96186331624714416       0.51910665018821534     
  -1.0997656229065214       -1.0022759806649352E-002 -0.82267076420368535     
 -0.54550508479993010        1.3704122769132880       0.29156417060781648     
  0.54657476977889063      -0.11918062664702660        1.2131840676423660     
  0.16200091526831983       0.38323729400858358       0.43963310186737725     
   6.5459387680213629E-002 -0.27020521681281773       -1.4960226824147924     
  0.48709932949015067       -2.1753729351025219       0.12123743101464030     
  -5.9590441083999891E-002 -0.20777563098474616        1.0269982567203417     
 -0.61621385731719391       0.56762527533638996       -1.1470782343686972     
 -0.68691335615720495        1.6390390905059702        1.1735192972957920     
 -0.17884906184274110        2.3394851984500686       0.30199747517580455     
 -0.35401413849936586       0.10749614005490658       -7.0384346469112305E-002
 -0.98217075683219346       0.61120562973314707       0.58114996838137623     
   1.1884205212251260       0.77993581997498096       0.33225940136428073     
  -1.7057799992775469       0.53288580111666928       -1.6238501519278099     
 -0.37727261084638342       0.23155951177796330       0.56406258091988670     
   1.0879950469061668       -1.3949494571254948       0.18474934628103667     
   1.6167822809149248        1.4541119359984349        1.2482951828027322     
 -0.20626269777477294      -0.13880393258265508        1.6664161936085051     
  -2.0335061980455325       0.48510358645484336      -0.22141858879790280     
  -1.3214364792552040      -0.23944353240617811       -1.4160248592302762     
 -0.14662060307738264        1.1589240563992389      -0.88312446920794485     
   4.0545821726173020E-002 -0.27579446369665195        1.4213121556818873E-002
 -0.11805571574787561        1.1900049291587111       -1.0633722791474105     
  0.25160782346155669      -0.89622572237900844      -0.91734594528556124     
 -0.88880753257544121       0.87879365114336516       0.67462775076526527     
 -0.18983411385593979       0.26937723008512998       -1.1518547991358676     
   1.4014582948532732      -0.20809642307066509       0.30413610424223297     
  -1.3951320957478790       0.12415652950397346      -0.55107230887065595     
 -0.30458383745668904      -0.80522307080007760      -0.77057008346004940     
 -0.76924602144276932       0.12689133256564933       0.14163221795728875     
   2.0456082249712249       -5.9976867725007155E-002  0.11582565560756951     
   1.6743827659453072       -1.1626441991292638        1.3156265683574866     
  0.39714225706404654      -0.58435700158415860       0.53888954873106576     
  0.32304632874525774        1.2261290031627869      -0.20851247749541943     
  0.98233816633415127        1.1478834488841521      -0.42220968241094242     
  0.60173252392325283        1.6300909541542685E-002  0.93724376173920343     
 -0.17225601848894184       0.25680936395125958      -0.81327084799295513     
 -0.29014885923008088       0.41582246654483895        2.4932128847712683E-002
   8.4054454718529723E-002  0.83675738735736649       0.60623791457792642     
  0.44836840981853138        1.0188611690180995       0.15992832059435227     
  0.42087265928592849       0.20090851279376779       -9.0548724878011883E-002
 -0.19041476153118916       0.25910790394743027      -0.86275684216749560     
