       0.0080000       0.0000000       0.0000000
       0.0240000       0.0000000       0.0000000
       0.0400000       0.0000000       0.0000000
       0.0560000       0.0000000       0.0000000
       0.0720000       0.0000000       0.0000000
       0.0880000       0.0000000       0.0000000
       0.1040000       0.0000000       0.0000000
       0.1200000       0.0000000       0.0000000
       0.1360000       0.0000000       0.0000000
       0.1520000       0.0000000       0.0000000
       0.1680000       0.0000000       0.0000000
       0.1840000       0.0000000       0.0000000
       0.2000000       0.0000000       0.0000000
       0.2160000       0.0000000       0.0000000
       0.2320000       0.0000000       0.0000000
       0.2480000       0.0000000       0.0000000
       0.2640000       0.0000000       0.0000000
       0.2800000       0.0000000       0.0000000
       0.2960000       0.0000000       0.0000000
       0.3120000       0.0000000       0.0000000
       0.3280000       0.0000000       0.0000000
       0.3440000       0.0000000       0.0000000
       0.3600000       0.0000000       0.0000000
       0.3760000       0.0000000       0.0000000
       0.3920000       0.0000000       0.0000000
       0.4080000       0.0000000       0.0000000
       0.4240000       0.0000000       0.0000000
       0.4400000       0.0000000       0.0000000
       0.4560000       0.0000000       0.0000000
       0.4720000       0.0000000       0.0000000
       0.4880000       0.0000000       0.0000000
       0.5040000       0.0000000       0.0000000
       0.5200000       0.0000000       0.0000000
       0.5360000       0.0000000       0.0000000
       0.5520000       0.0000000       0.0000000
       0.5680000       0.0000000       0.0000000
       0.5840000       0.0000000       0.0000000
       0.6000000       0.0000000       0.0000000
       0.6160000       0.0000000       0.0000000
       0.6320000       0.0000000       0.0000000
       0.6480000       0.0000000       0.0000000
       0.6640000       0.0000000       0.0000000
       0.6800000       0.0000000       0.0000000
       0.6960000       0.0000000       0.0000000
       0.7120000       0.0000000       0.0000000
       0.7280000       0.0000000       0.0000000
       0.7440000       0.0000000       0.0000000
       0.7600000       0.0000000       0.0000000
       0.7760000       0.0000000       0.0000000
       0.7920000       0.0000000       0.0000000
       0.8080000       0.0000000       0.0000000
       0.8240000       0.0000000       0.0000000
       0.8400000       0.0000000       0.0000000
       0.8560000       0.0000000       0.0000000
       0.8720000       0.0000000       0.0000000
       0.8880000       0.0000000       0.0000000
       0.9040000       0.0000000       0.0000000
       0.9200000       0.0000000       0.0000000
       0.9360000       0.0000000       0.0000000
       0.9520000       0.0000000       0.0000000
       0.9680000       0.0000000       0.0000000
       0.9840000       0.0000000       0.0000000
       1.0000000       0.0000000       0.0000000
       1.0160000       0.0000000       0.0000000
       1.0320000       0.0000000       0.0000000
       1.0480000       0.0000000       0.0000000
       1.0640000       0.0000000       0.0000000
       1.0800000       0.0000000       0.0000000
       1.0960000       0.0000000       0.0000000
       1.1120000       0.0000000       0.0000000
       1.1280000       0.0000000       0.0000000
       1.1440000       0.0000000       0.0000000
       1.1600000       0.0000000       0.0000000
       1.1760000       0.0000000       0.0000000
       1.1920000       0.0000000       0.0000000
       1.2080000       0.0723200       0.0000000
       1.2240000       0.2215400       0.0095300
       1.2400000       0.2061400       0.2213850
       1.2560000       0.0000000       0.0190850
       1.2720000       0.0000000       0.0000000
       1.2880000       0.0000000       0.0008550
       1.3040000       0.0000000       0.2640200
       1.3200000       0.0000000       0.2324000
       1.3360000       0.0000000       0.0027250
       1.3520000       0.0000000       0.0899750
       1.3680000       0.3111550       0.2106250
       1.3840000       0.1956800       0.2577650
       1.4000000       0.3477500       0.1710200
       1.4160000       0.1160250       0.0206150
       1.4320000       0.0569900       0.0000000
       1.4480000       0.0776250       0.0000000
       1.4640000       0.0817300       0.2218650
       1.4800000       0.0630450       0.0281350
       1.4960000       0.0000000       0.0000000
       1.5120000       0.0000000       0.0582100
       1.5280000       0.0000000       0.0693350
       1.5440000       0.0000000       0.3180300
       1.5600000       0.0000000       0.0544250
       1.5760000       0.2500000       0.0877300
       1.5920000       0.0000000       0.1011500
       1.6080000       0.0000000       0.0611200
       1.6240000       0.2500000       0.0000000
       1.6400000       0.0000000       0.0000000
       1.6560000       0.0000000       0.0000000
       1.6720000       0.0000000       0.0000000
       1.6880000       0.0000000       0.0000000
       1.7040000       0.1271100       0.0673750
       1.7200000       0.4779500       0.3840400
       1.7360000       0.1238100       0.1295350
       1.7520000       0.2711300       0.3659800
       1.7680000       0.0000000       0.0530700
       1.7840000       0.0000000       0.2500000
       1.8000000       0.3630250       0.0181200
       1.8160000       0.2798150       0.2261400
       1.8320000       0.1071600       0.3718850
       1.8480000       0.0000000       0.1338550
       1.8640000       0.0335900       0.0000000
       1.8800000       0.0629250       0.0000000
       1.8960000       0.0735300       0.0813100
       1.9120000       0.2361100       0.1686900
       1.9280000       0.0938450       0.0000000
       1.9440000       0.0000000       0.0000000
       1.9600000       0.2500000       0.1018550
       1.9760000       0.0000000       0.3762400
       1.9920000       0.0000000       0.0219050
       2.0080000       0.0000000       0.0000000
       2.0240000       0.0286150       0.0000000
       2.0400000       0.3627450       0.0000000
       2.0560000       0.1591700       0.0062450
       2.0720000       0.3305450       0.0742800
       2.0880000       0.1189250       0.0713100
       2.1040000       0.0000000       0.1502700
       2.1200000       0.0805450       0.1978950
       2.1360000       0.1352250       0.1766950
       2.1520000       0.1892550       0.3233050
       2.1680000       0.0949750       0.0000000
       2.1840000       0.0237800       0.0000000
       2.2000000       0.0785600       0.0472500
       2.2160000       0.0770950       0.2415150
       2.2320000       0.0705650       0.1945700
       2.2480000       0.0000000       0.0166650
       2.2640000       0.0390150       0.0000000
       2.2800000       0.2843100       0.0000000
       2.2960000       0.1766750       0.6398850
       2.3120000       0.0000000       0.1101150
       2.3280000       0.0000000       0.0000000
       2.3440000       0.0979800       0.0000000
       2.3600000       0.2669450       0.0000000
       2.3760000       0.1350750       0.0000000
       2.3920000       0.0000000       0.0000000
       2.4080000       0.0000000       0.0729950
       2.4240000       0.2500000       0.1369450
       2.4400000       0.0922350       0.1806850
       2.4560000       0.1644300       0.3048400
       2.4720000       0.1917000       0.0545350
       2.4880000       0.1536800       0.2500000
       2.5040000       0.1000950       0.0000000
       2.5200000       0.2275050       0.0000000
       2.5360000       0.0703550       0.0000000
       2.5520000       0.0000000       0.0295250
       2.5680000       0.0000000       0.1494200
       2.5840000       0.0674300       0.1415200
       2.6000000       0.1825700       0.2137000
       2.6160000       0.1290200       0.2235550
       2.6320000       0.2013550       0.0941900
       2.6480000       0.1696250       0.3708000
       2.6640000       0.5104000       0.2772900
       2.6800000       0.2912150       0.2500000
       2.6960000       0.1737300       0.1409700
       2.7120000       0.4201150       0.1593150
       2.7280000       0.1045400       0.1997150
       2.7440000       0.0000000       0.0938500
       2.7600000       0.0784500       0.0961250
       2.7760000       0.2768150       0.0684000
       2.7920000       0.1133950       0.2416250
       2.8080000       0.0313400       0.1180100
       2.8240000       0.2903700       0.3819900
       2.8400000       0.4044250       0.4646700
       2.8560000       0.8685850       0.2593150
       2.8720000       0.1701450       0.0260150
       2.8880000       0.0164750       0.0000000
       2.9040000       0.0235000       0.0000000
       2.9200000       0.1354100       0.0280700
       2.9360000       0.2359350       0.0901750
       2.9520000       0.1051550       0.1301750
       2.9680000       0.0000000       0.1344350
       2.9840000       0.2500000       0.0861050
       3.0000000       0.0000000       0.1675500
       3.0160000       0.1082750       0.1134900
       3.0320000       0.1417250       0.0000000
       3.0480000       0.0000000       0.1002050
       3.0640000       0.0847850       0.1497950
       3.0800000       0.2861650       0.3678750
       3.0960000       0.1130500       0.1087150
       3.1120000       0.0160000       0.1160100
       3.1280000       0.2500000       0.2473700
       3.1440000       0.0000000       0.6600300
       3.1600000       0.0175850       0.0000000
       3.1760000       0.1891900       0.1299350
       3.1920000       0.0432250       0.3414600
       3.2080000       0.0592800       0.1326550
       3.2240000       0.2340400       0.1459500
       3.2400000       0.3878150       0.0000000
       3.2560000       0.3188650       0.2500000
       3.2720000       0.0488050       0.0767300
       3.2880000       0.2139600       0.1732700
       3.3040000       0.2372350       0.1362300
       3.3200000       0.0429950       0.3959200
       3.3360000       0.2629150       0.4109750
       3.3520000       0.1309750       0.4838300
       3.3680000       0.2371550       0.2012800
       3.3840000       0.2653950       0.3331800
       3.4000000       0.1054050       0.2625700
       3.4160000       0.1645200       0.2760150
       3.4320000       0.1339250       0.0000000
       3.4480000       0.1215150       0.0000000
       3.4640000       0.2702100       0.1019850
       3.4800000       0.0149900       0.2062300
       3.4960000       0.2500000       0.0925550
       3.5120000       0.0325350       0.0697000
       3.5280000       0.2182050       0.0295300
       3.5440000       0.2265500       0.1390450
       3.5600000       0.0600650       0.1109550
       3.5760000       0.2716150       0.5000000
       3.5920000       0.1638300       0.0000000
       3.6080000       0.2367250       0.0000000
       3.6240000       0.1871450       0.2807500
       3.6400000       0.2308450       0.2192500
       3.6560000       0.2072400       0.0000000
       3.6720000       0.1923200       0.0000000
       3.6880000       0.3480600       0.0000000
       3.7040000       0.1011400       0.0236850
       3.7200000       0.1349500       0.0774600
       3.7360000       0.3838800       0.2015150
       3.7520000       0.2655300       0.3583950
       3.7680000       0.4861300       0.4164950
       3.7840000       0.0032350       0.3269000
       3.8000000       0.0000000       0.6981950
       3.8160000       0.2500000       0.3973550
       3.8320000       0.0000000       0.0360600
       3.8480000       0.1849850       0.0610750
       3.8640000       0.0650150       0.1006700
       3.8800000       0.2858650       0.3477850
       3.8960000       0.2263000       0.3508100
       3.9120000       0.2641900       0.0863000
       3.9280000       0.2832350       0.2101950
       3.9440000       0.4000350       0.0571050
       3.9600000       0.2128350       0.0000000
       3.9760000       0.3598300       0.3782100
       3.9920000       0.1955250       0.2864150
       4.0080000       0.0221850       0.1413150
       4.0240000       0.0234850       0.2261000
       4.0400000       0.0823800       0.4029050
       4.0560000       0.1743350       0.4364850
       4.0720000       0.2198000       0.1285700
       4.0880000       0.0177300       0.0000000
       4.1040000       0.1694850       0.0000000
       4.1200000       0.1928300       0.0000000
       4.1360000       0.0620050       0.0642350
       4.1520000       0.1864050       0.2780250
       4.1680000       0.1102900       0.1767900
       4.1840000       0.0112550       0.2252200
       4.2000000       0.0264900       0.2868600
       4.2160000       0.1494000       0.1545700
       4.2320000       0.0741100       0.5946900
       4.2480000       0.0000000       0.0709850
       4.2640000       0.0828350       0.3468450
       4.2800000       0.2322200       0.2994250
       4.2960000       0.3222650       0.0715900
       4.3120000       0.4235000       0.0828250
       4.3280000       0.2971200       0.2830600
       4.3440000       0.2769050       0.2669900
       4.3600000       0.1505500       0.2347000
       4.3760000       0.1219400       0.5645050
       4.3920000       0.4810500       0.3663200
       4.4080000       0.3616150       0.0721750
       4.4240000       0.1191500       0.0601900
       4.4400000       0.2333350       0.0000000
       4.4560000       0.6475150       0.0000000
       4.4720000       0.0000000       0.4679750
       4.4880000       0.1777100       0.1421700
       4.5040000       0.2852150       0.4005500
       4.5200000       0.1305450       0.2227200
       4.5360000       0.4060900       0.3316950
       4.5520000       0.1501250       0.1646250
       4.5680000       0.0868600       0.0202650
       4.5840000       0.2634550       0.0000000
       4.6000000       0.0000000       0.0000000
       4.6160000       0.1725100       0.0000000
       4.6320000       0.3274900       0.1471600
       4.6480000       0.0000000       0.1028400
       4.6640000       0.0000000       0.0000000
       4.6800000       0.0000000       0.2500000
       4.6960000       0.2500000       0.0000000
       4.7120000       0.0907300       0.0000000
       4.7280000       0.3812850       0.0000000
       4.7440000       0.3461600       0.0000000
       4.7600000       0.3066600       0.5000000
       4.7760000       0.3875600       0.0000000
       4.7920000       0.1676100       0.0000000
       4.8080000       0.1414600       0.1828250
       4.8240000       0.1433050       0.3388200
       4.8400000       0.2930000       0.3537950
       4.8560000       0.4616450       0.1196800
       4.8720000       0.1819850       0.1813800
       4.8880000       0.0986000       0.1256150
       4.9040000       0.0000000       0.1670400
       4.9200000       0.0000000       0.2429700
       4.9360000       0.0000000       0.0378750
       4.9520000       0.1807050       0.2715300
       4.9680000       0.0692950       0.4121400
       4.9840000       0.0000000       0.5338000
       5.0000000       0.2145800       0.2825300
       5.0160000       0.0354200       0.0000000
       5.0320000       0.0000000       0.0805950
       5.0480000       0.0000000       0.1694050
       5.0640000       0.0114800       0.2053650
       5.0800000       0.3043600       0.7010300
       5.0960000       0.4176150       0.3730650
       5.1120000       0.1016050       0.1245850
       5.1280000       0.2071900       0.0704000
       5.1440000       0.2014450       0.0255550
       5.1600000       0.0302100       0.3162700
       5.1760000       0.3775300       0.1296750
       5.1920000       0.0985650       0.1562650
       5.2080000       0.0000000       0.1231000
       5.2240000       0.0000000       0.2746900
       5.2400000       0.0000000       0.2500000
       5.2560000       0.4163700       0.0630900
       5.2720000       0.5147850       0.1682000
       5.2880000       0.0688450       0.2687100
       5.3040000       0.0000000       0.2904800
       5.3200000       0.0000000       0.4487950
       5.3360000       0.0766600       0.1731000
       5.3520000       0.1733400       0.2556600
       5.3680000       0.0000000       0.0819650
       5.3840000       0.1323350       0.0210300
       5.4000000       0.5051600       0.1378050
       5.4160000       0.1125050       0.1668700
       5.4320000       0.1003450       0.1742950
       5.4480000       0.3853550       0.0000000
       5.4640000       0.3945250       0.0000000
       5.4800000       0.2954650       0.0608050
       5.4960000       0.1957200       0.1891950
       5.5120000       0.3014050       0.0000000
       5.5280000       0.2658650       0.0916400
       5.5440000       0.1638200       0.1307750
       5.5600000       0.1136900       0.3403050
       5.5760000       0.0714000       0.0969550
       5.5920000       0.1718750       0.0903250
       5.6080000       0.3165250       0.1031400
       5.6240000       0.2240100       0.1043450
       5.6400000       0.0000000       0.1976150
       5.6560000       0.0000000       0.0949000
       5.6720000       0.2049850       0.0000000
       5.6880000       0.0450150       0.0000000
       5.7040000       0.0000000       0.2500000
       5.7200000       0.1432000       0.1510250
       5.7360000       0.1162050       0.2702900
       5.7520000       0.2057050       0.3226600
       5.7680000       0.0862800       0.0060250
       5.7840000       0.1465650       0.0000000
       5.8000000       0.1472900       0.0000000
       5.8160000       0.0846950       0.2193400
       5.8320000       0.0397750       0.0306600
       5.8480000       0.1990750       0.0952950
       5.8640000       0.0812100       0.1037750
       5.8800000       0.0000000       0.0509300
       5.8960000       0.0000000       0.0000000
       5.9120000       0.0000000       0.0299600
       5.9280000       0.0000000       0.1726050
       5.9440000       0.0000000       0.2974350
       5.9600000       0.0917350       0.0000000
       5.9760000       0.6048700       0.1533400
       5.9920000       0.1463800       0.5227750
       6.0080000       0.1480300       0.0738850
       6.0240000       0.0935200       0.1068850
       6.0400000       0.1687900       0.2399450
       6.0560000       0.1929550       0.1471050
       6.0720000       0.1785650       0.2560650
       6.0880000       0.1593850       0.0000000
       6.1040000       0.2157700       0.0000000
       6.1200000       0.0000000       0.0000000
       6.1360000       0.0000000       0.1551900
       6.1520000       0.0000000       0.0948100
       6.1680000       0.2500000       0.0259600
       6.1840000       0.0000000       0.2628850
       6.2000000       0.0000000       0.2111550
       6.2160000       0.0000000       0.0000000
       6.2320000       0.0000000       0.0000000
       6.2480000       0.0000000       0.1172550
       6.2640000       0.0000000       0.1338050
       6.2800000       0.0000000       0.0701100
       6.2960000       0.0000000       0.0722900
       6.3120000       0.1841150       0.2346700
       6.3280000       0.2434000       0.1218700
       6.3440000       0.3224850       0.0000000
       6.3600000       0.0000000       0.0808450
       6.3760000       0.0000000       0.1274300
       6.3920000       0.0855950       0.0417250
       6.4080000       0.0618450       0.0524000
       6.4240000       0.0515800       0.3478700
       6.4400000       0.0470950       0.0971700
       6.4560000       0.0598950       0.0025600
       6.4720000       0.1939900       0.0000000
       6.4880000       0.0000000       0.1546550
       6.5040000       0.0544850       0.0953450
       6.5200000       0.3126400       0.0000000
       6.5360000       0.3589050       0.0000000
       6.5520000       0.0239700       0.0000000
       6.5680000       0.0000000       0.0000000
       6.5840000       0.0000000       0.0000000
       6.6000000       0.0000000       0.0000000
       6.6160000       0.1590800       0.0000000
       6.6320000       0.2666450       0.0000000
       6.6480000       0.2256400       0.0000000
       6.6640000       0.0986350       0.0000000
       6.6800000       0.0000000       0.3282650
       6.6960000       0.0000000       0.1595550
       6.7120000       0.0000000       0.0121800
       6.7280000       0.0000000       0.0000000
       6.7440000       0.0000000       0.0000000
       6.7600000       0.2072550       0.0000000
       6.7760000       0.1982700       0.0000000
       6.7920000       0.0944750       0.0000000
       6.8080000       0.0000000       0.0000000
       6.8240000       0.0000000       0.0000000
       6.8400000       0.0000000       0.0000000
       6.8560000       0.0000000       0.0000000
       6.8720000       0.0000000       0.0000000
       6.8880000       0.0000000       0.0000000
       6.9040000       0.0000000       0.0000000
       6.9200000       0.0000000       0.0000000
       6.9360000       0.0000000       0.0000000
       6.9520000       0.0000000       0.0000000
       6.9680000       0.0000000       0.0000000
       6.9840000       0.0000000       0.0000000
       7.0000000       0.0000000       0.0000000
       7.0160000       0.0000000       0.0000000
       7.0320000       0.0000000       0.0000000
       7.0480000       0.0000000       0.0000000
       7.0640000       0.0000000       0.0000000
       7.0800000       0.0000000       0.0000000
       7.0960000       0.0000000       0.0000000
       7.1120000       0.0000000       0.0000000
       7.1280000       0.0000000       0.0000000
       7.1440000       0.0000000       0.0000000
       7.1600000       0.0000000       0.0000000
       7.1760000       0.0000000       0.0000000
       7.1920000       0.0000000       0.0000000
       7.2080000       0.0000000       0.0000000
       7.2240000       0.0000000       0.0000000
       7.2400000       0.0000000       0.0000000
       7.2560000       0.0000000       0.0000000
       7.2720000       0.0000000       0.0000000
       7.2880000       0.0000000       0.0000000
       7.3040000       0.0000000       0.0000000
       7.3200000       0.0000000       0.0000000
       7.3360000       0.0000000       0.0000000
       7.3520000       0.0000000       0.0000000
       7.3680000       0.0000000       0.0000000
       7.3840000       0.0000000       0.0000000
       7.4000000       0.0000000       0.0000000
       7.4160000       0.0000000       0.0000000
       7.4320000       0.0000000       0.0000000
       7.4480000       0.0000000       0.0000000
       7.4640000       0.0000000       0.0000000
       7.4800000       0.0000000       0.0000000
       7.4960000       0.0000000       0.0000000
       7.5120000       0.0000000       0.0000000
       7.5280000       0.0000000       0.0000000
       7.5440000       0.0000000       0.0000000
       7.5600000       0.0000000       0.0000000
       7.5760000       0.0000000       0.0000000
       7.5920000       0.0000000       0.0000000
       7.6080000       0.0000000       0.0000000
       7.6240000       0.0000000       0.0000000
       7.6400000       0.0000000       0.0000000
       7.6560000       0.0000000       0.0000000
       7.6720000       0.0000000       0.0000000
       7.6880000       0.0000000       0.0000000
       7.7040000       0.0000000       0.0000000
       7.7200000       0.0000000       0.0000000
       7.7360000       0.0000000       0.0000000
       7.7520000       0.0000000       0.0000000
       7.7680000       0.0000000       0.0000000
       7.7840000       0.0000000       0.0000000
       7.8000000       0.0000000       0.0000000
       7.8160000       0.0000000       0.0000000
       7.8320000       0.0000000       0.0000000
       7.8480000       0.0000000       0.0000000
       7.8640000       0.0000000       0.0000000
       7.8800000       0.0000000       0.0000000
       7.8960000       0.0000000       0.0000000
       7.9120000       0.0000000       0.0000000
       7.9280000       0.0000000       0.0000000
       7.9440000       0.0000000       0.0000000
       7.9600000       0.0000000       0.0000000
       7.9760000       0.0000000       0.0000000
       7.9920000       0.0000000       0.0000000
