   4.5362508389854401        2.7530436522530084        7.1649255959836813     
   5.6474497759416984        5.8622871735688928        10.494631093139995     
  0.67421000446689427        2.2421171356340315        10.493410189209509     
   4.7145167817682528E-002   5.7406001926819128        18.507677847522501     
   6.9339753760053551        4.5178087296759255        16.967910215971720     
   4.8523968674322449        6.6742739958308466        4.6661167550688409     
   2.1326593555885309        3.6873810713774655        12.283248232749955     
   4.7793295719288862        5.2341777266531002        18.305655874129982     
   6.7213474303097795        2.5658026320368985        11.095452313479058     
   1.9128705640337162       0.80056182931023212        5.6959964899405922     
  0.79457770555067742        1.7850031576935557        17.290304772646486     
  0.31163840517860847        3.6932607610984780        2.3239978985149019     
   2.3209187536612030        3.4313067725541098        11.183630296170904     
   3.6046242273874527        3.7995021102985578        11.343906036674744     
   5.8533960387781709        5.6103589646927050        8.2324448178439553     
   4.9372082329837141        3.2719840603264139        11.645788339450675     
   3.9553823567012230        4.4355472619439507        17.023426294429967     
   3.7232405205497496       0.28033857622669484        7.5064173562596173     
   3.8123255099888627        2.8032832675581290        11.384867495951772     
   3.0605108751036831        2.9705037912716983        13.727658244413789     
   1.5397196129415727        6.4756241592642629        12.761735404660962     
   1.3624594753357058        2.2186323840267690        16.532858231949120     
   3.3900793887686054        4.1517448355272730        14.645555846602139     
   6.8725374792545404        5.3134485017207540        5.9926670946697067     
  0.19215368746657713        3.8374504273485277        3.9280071225105391     
   3.9420544703963110        5.9828924807299142        4.7482697797111388     
   7.0524750813592787        1.7445042455243525        7.7672033995342105     
   1.4857235567866574        4.5816887463172264        3.8394400579408234     
   2.5978695431546135       0.99278657001419823        13.497305142409781     
  0.73920561605222734       0.85778671501543591        13.893700660204411     
   6.3348430457210840        4.4307203266844608        15.776483713747282     
   4.2136600252903778       0.39432154038379641        4.2913580352765930     
   7.0377933069426710        5.2269495836704722        13.976908861186011     
   2.7220300748546937        6.8391485095160558        7.2752628764599798     
  0.31075906177028401        6.7512951467488556        11.483972132904205     
   5.5029126074806527        3.2453153220939335        2.5236572946013305     
   6.0815158624459933        3.8762230794123584        10.787570347286334     
   6.3037166649334777        6.5520021711954808        18.177270661487590     
   2.5137890499451867        6.6055936748557018        13.143433680131734     
   6.9485247571134465        3.8685337637699972        8.3576470764303323     
   2.0080460712361203        6.7230753019937239        14.144819056678571     
   5.3270152764677539       0.45869922101621047        12.492416357887011     
  0.68459670879634416        4.3813285896479428        3.1052357751129254     
   1.2311016145363303        4.4378902542059793        8.1228777025944581     
  0.59904352422984219        4.4476016802217790        16.099823570792509     
  0.70685781410699156       0.38854320576824397        12.222083473383339     
   5.7494972623912242        4.5660763684716521        7.8372155304910134     
  0.25348549332210718        1.0212758948755998        12.961462711981270     
   5.0712022840971800        6.9094534249189188        7.8107151400838495     
   1.1850766019524814        3.2265797523454234        14.891738071185198     
   2.1473795797935935        1.8816475632641818        6.4954071804115161     
   5.0379376471812005        5.4603379642726075        11.719037328609154     
   1.8324445716236522        3.2492968734392229        15.745497388535830     
   5.4068748882928670       0.57486395218906994        9.1717112543354808     
  0.66409537103317229        5.5499907137091533        9.2407074502188653     
  0.24618972222574220        5.1582666496035463        15.276524171261002     
   1.0598096998526334        5.6577012092288390        4.9912668237934898     
   1.6834204034106512        3.4611864252862374        9.2475359105364472     
   1.7998238803473519        2.0682952350786024        10.646386249264975     
   2.6385529433603740        2.9918582834673346        5.9537762633203073     
   1.1509865194972559        1.6712507437759336        12.489578952294632     
   1.6453841924881518        2.2432049835691785        9.2699056635457016     
   2.9663383995147297        2.0764523737439187        10.364233515280683     
   6.8678222973250866        6.3731509706796601        15.627663540349262     
   4.9318770849537286        2.2374461400576093        12.212876351940274     
   5.7954588029102823        5.9193017277395059        5.8559214391020564     
   6.0840119714720835        5.3662799856751811        16.224697681424125     
   6.9317835149869520        5.7721921055394825        7.1143466121346082     
   5.8577192074908089       0.26478928414506553        4.4290180361731677     
   1.4462882188439579        6.1494286341358704        11.338006374110799     
   2.4402667769029023        2.3514910029553855        13.149883825677374     
  0.72466953805868783        2.4155900133705472        3.4047461833103165     
   4.0669324419953110        2.2750659817586496        10.173003983590881     
   2.0858116352930880       0.14752468936914997        12.276452464334373     
   5.0192970748707149        4.8474665039400238        16.803819926845936     
   4.9598920670392825       0.36964541843044579        5.5983784699935866     
   4.2027167191024830        4.1688472015579174        5.0770349217514301     
  0.48427021177235391        5.0926335362278339        11.371476961576723     
   3.9866382056036804       0.97107141556854271        5.1402968688514861     
   2.1867775859610035        3.4156272107693417        3.8244564772310006     
   3.2945898501777653        4.9940645516210447        17.818271261804817     
   5.4592707809874881        2.5936533445446139        9.7272012173443034     
  0.36707390449690713       0.82614486641140228        7.0205951690887352     
   2.9759020713884876        3.6816905434842386        6.5861773865756268     
   4.0712201387270124       0.49692307362153021        11.616412377185513     
  0.26420787037966736        3.2993231953518527        10.517301750510271     
   3.0850915400299552        1.1657151916425701        5.8784978659372493     
   1.4107546806840294        5.1555782958482395        2.8369677258557693     
   6.4155004766711583        4.4334329383599114        9.8328145881414137     
   1.8990421258276367        4.1065375681347689        2.6328020881343148     
   5.5663736393847456        2.1994451356516134        7.5297123703921969     
   6.7498775734917835        2.0353153452108743        9.9665224133526031     
   6.6637630692916376        6.8056057038085331        5.7497944717054406     
   5.8891969273380571        2.6871063745692947        17.516158690822675     
   3.5229090803766487        1.1143913114828574        10.805656446170605     
   5.7154173938575301       0.94561632065218959        6.2920824626439265     
   1.3285875283336093       0.64595952972414017        13.225109159336357     
   1.4189716797076637        4.9222041348613406        17.422348925305922     
   5.6776010238845647        3.5975750978763146        12.511198595456303     
   4.3900157529396830        1.5586632516569721        11.068226758110681     
   6.4906351356705931        2.9692546112669125        4.0688235664420302     
   3.7998499011929163        2.3731007280000171        18.751282976599327     
  0.54049131616068602       0.22308350854444625        16.143231612524666     
   6.0472110009573647        5.1628185213639188        13.266313887671563     
   5.5475359418240497        3.7078909795109762        8.5692397877253423     
   6.4799889880113701        6.8666085135658159        7.8555616652287146     
   5.4400404062953811        3.8867389886249395        9.7363434537581792     
   2.3724381058503394        3.4835057583415154        14.489641200942492     
  0.29555467938659336        5.4268637213869688        10.422009371049937     
   5.0095909027271635        2.5113388866036495        10.811516250865596     
   2.7721792255734004        5.5550864980818826        5.0358006682057672     
   5.5600246270419236        2.2202859773684978        6.3940940950293053     
   4.5564575802470877        2.4900281100295794        1.3094321110284812     
   5.1800668414147828E-002  0.91477659846601134        5.7745368017333680     
   5.9313896315767458        2.3048280963384218        11.830627056394148     
  0.63559313890200353        6.8989038413675461        6.5148108377393612     
   6.4542328739156440        2.4910800353799742        2.8717889302571513     
   1.9851434697702093        8.3802933870797153E-002   6.4836704465830319     
   4.1679002786593333        6.8109955937657594        5.5636670761736244     
   6.7796470536097546       0.92099158420607030        17.016720289668527     
   6.8406939022865938        1.8726700360962421        12.156968253201905     
   6.2273461600573983       0.92523428877667679        11.616350156713457     
   4.3664894537614618        1.0038948605226410        12.565291941666848     
   2.4474851810305536        1.3656880484756506        12.475361481297572     
   4.1052246345255359        6.3685513438029346        18.649367141674286     
   6.8189676493004932        1.1507396734312840        10.794529666962461     
   2.9062219329570405        1.7703189865220956        14.136414139273155     
   1.9477427525275173        3.5740934523380616        7.7174013156028849     
   5.7642528280366081        1.8300315011852453        10.632662294268023     
   3.3382694262850476        7.0450880044229400        12.468322809220993     
  0.49359500836482645        6.7688283416577635        7.5272817278988979     
   2.0405061902102659        5.1975753095838870        11.828287020327895     
   6.9499936725456415        6.4149908515640357        9.5139501026764606     
   6.2932616025226062       0.99337047537402356        9.7491012583247834     
   4.2975280642845597        2.5694884459354954        9.1044911284327323     
   1.1695213190473088        5.6800554344407317        3.6515266893968801     
   1.5602974809882912        3.9370410837031748        17.752246747307755     
   4.4457603563265700        3.2990253758796411        9.8356828665626868     
   3.8067347964653453        6.6639180649799048        17.488861515544411     
   6.1797333345604688       0.87041848499877317        18.067655972989218     
   2.9946465056658691        4.1167496082696822        4.4032469012364377     
  0.82245097651331855        2.9819928453525377        8.8600992212220149     
   1.6080369806198840       0.99611027045758371        6.8471799000364717     
   5.4769558520174488        4.4818867520860541        13.697131062667157     
   5.2878530701076789        6.4628959569814821        11.574040711278862     
   1.9396016337854556        2.8708618839624829        17.377247393194015     
   4.8008010241976082        5.4850686438007479        8.9834034407088819     
   3.3100194103897183        3.9983872520787527        18.226098726741981     
   6.7069863498382816       0.98013162559374534        3.9495900696712676     
   4.3003067505408570        1.9292254776752329        13.893398675510751     
  0.84563193561012984        6.4787538065932022        18.434074582446662     
  0.66161024974479077        4.9299747152578233        4.3974718686501157     
   2.5192190887633554        2.3527841555224263        11.441692543495485     
  0.92414613772991094       0.67869804865404137        7.8310098839737101     
   2.1129581994684736        5.4601678955060216        16.284175592127589     
   3.2771674866152680        5.9853335707824415        12.889749492196369     
   5.1516935842726124        6.6521179973075677        14.455287485574065     
   2.4789020466852998        6.4102758428132454        3.1729205630884083     
   6.7833658362632328        6.8858742647399426E-002   6.8582997232442500     
   7.0412263553307115       0.47482444203851526        8.2005883382491849     
   5.4263377037852774        5.9061049474937768        12.595093960535797     
   6.1017251902800549        5.8308080140596070        11.432742082492059     
   2.6914262620100415        3.1480545241683200        16.471022388541044     
   4.3210673383244105        4.5832794998342221        6.4433031161096368     
  0.31260454620501055        2.7466961682185060E-002   17.506283519845645     
   6.8744183770600253        5.5255183157942769        8.7437683875771981     
  0.33732795194570220        5.9922156249103997        1.7921285865509493     
   6.3474459579308995        2.4987964460658727        5.5610049438980198     
   1.1195252225589909        1.3957258733257889        5.3763385791190412     
   5.2193206661904190        2.7988384302525264        5.3969336246664685     
  0.52179002782821882        6.1274802581635619        16.267843855057574     
   6.7252876349573901E-002   6.4191166898023209        13.646973464568287     
   1.3942586294764556       0.81158917600857916        11.313414453113301     
  0.41912161566250078        1.5442515544628757        11.448182708715693     
  0.35666734532893063        5.4850734344120102        2.9841474345913079     
   1.6443760059333097        3.9978083487878213        16.638994415391753     
   3.4693079323343521       0.58059275203991123        14.860576785922799     
   4.2392908675092995        6.5740507311225302        12.835157949638511     
   1.9278561913800289        6.0289317461531207        4.3223256894998929     
  0.64636439866829820        3.5311248691332953        15.792692547738827     
   4.0186736851744405        2.1815583430061691        12.819012794815297     
   1.1369038964595395        1.7673553754757647        7.6139769563518866     
   2.5162146616390153        5.3146010576552642        3.6335299767818370     
   6.1539465918786442        1.2525362703956466        8.6250074245814954     
   5.1577152616690976        5.7667392743569277        13.714153284579353     
   3.7382519066518025        1.3960824231147895        7.4886487041435936     
   7.0140712506934877        1.7102296620268076        6.6239092650368425     
  0.96574991400596466       0.27895624145834352        9.5418008806905465     
   1.7382471696235409        5.8193641779143155        2.0309279500496698     
   6.3057558123862911        2.9102003194563446        7.5822627902405921     
   1.6424853930539010        2.6658951922529166        8.3829904167098714     
   3.7232712351638737        4.1627010027926046        7.8417919821789486     
   4.9736877966433912       0.44437098837562339        1.3821650305699662     
   6.3218409430855420       0.29361890875912422        13.799301238917105     
   1.8540003119609196        3.9089208215717814        5.4478429849897614     
   1.8339498657448623        4.4681041752561432        6.9379486996622681     
   5.2446771492382762        6.5092729692808824        6.5016939395365387     
   1.9535713972577347        6.4429534471637311        8.7975248083699835     
   4.2152472445613896        3.3576513717282621        18.406599947943278     
   4.6380310859187412        1.9147163929195568        7.8128692795061783     
   3.2816402640964624        5.4727414052257206        8.9413635160938707     
   2.2418365304820345        2.4602882029995654        3.6114025241348817     
  0.72618187868387951        6.6203758601202018        4.2747284060801265     
   4.5759814376475596        2.6947041341874605        17.108245621285498     
   5.6509718024972715        6.8201509071188049        13.134852624411655     
   3.5956491587789321       0.49269275250678413        15.865868204522510     
   2.5213351663070163       0.23023945048718478        8.2243811296452112     
  0.13803604659051233        2.0690074672073369        2.2312243922060611     
   5.3516684145316269        2.4546136126369653        14.696375789813692     
   7.0546193430773405       0.97927874404827198        2.1997109616660460     
   4.0224489495256739        5.9385407135483863        16.023318147880783     
   3.1555528203135896        2.0522930830847188        4.1074470642636900     
   4.1578739106294504        1.8279670570854905        16.741899939673534     
   3.1259632874330774        4.0243406139916518        10.046412619841837     
   3.1835942170077502        5.8568033170770493        7.5768435761819601     
   6.7157023316054341        3.8275308396745635        12.024142293727692     
   6.2097564496313264        6.9165652194638163        3.4014792983446367     
   4.5526862424504770        5.6989190633904823        7.8977741308585339     
   1.1107017229232112       0.52428891641771214        2.6248714912991429     
   3.5852345589486823        2.4048349865344201        14.533705806453368     
   1.6345535767084116        2.8834177072121285        6.6561444966941172     
   1.7481439736537057       0.80866310048641410        3.5672889737349616     
   2.9764076158847690        5.9886451333532404        14.356755001617108     
   5.3088142494282442        3.0714616212221251        7.8332811504545079     
   3.8494301688758559        5.4340904080419259        13.526051402974817     
   4.6814556829528433        6.3642430320841106        3.6034780560316073     
   6.0579588999078124        1.7199507594975052        2.3283615577640324     
   5.4001518678877156       0.24587393486058506        2.4614565038662919     
   1.8141070550344545        4.5593630461948482        9.2759821313752475     
   2.3932061719139521       0.36920324487513556        17.524514280724144     
   4.1726929451489339        1.0083751973489934        8.3269140397386074     
   6.0098817556734891        4.4702354354956748        17.320641155426056     
   1.1274332421215987        5.9157467537812449        13.745616741549062     
   1.0825714776008459        2.8476167295256736        18.729560733444341     
   2.1870497413173164        1.2658931954773687        9.8364418099770514     
   1.7948035253215449        5.0064054967593430        5.2197071573141178     
  0.16125676181340654        2.6971192796350669        14.573861310298316     
   2.0133086303302083        3.8737019453894268        18.695931853560865     
   3.7904313692350291       0.15353478587638367        10.499081564779827     
   5.0399131193984834       0.33350676725369133        3.5315620810286448     
  0.76020171564140049       0.69919082893312212        18.281200773614721     
   5.7474581696169826        4.8152358017277557        6.7107226333588041     
   3.0400830868905580        3.1414267192512093        12.011437797871407     
   6.1226769864752631E-003   5.8988869953119920        3.8580725928596493     
   1.0750259087770559        1.9722809637756378        1.5131123130339790     
   4.2524664262273788        3.2450771354275743        14.307511802177205     
  0.18720812902490622       0.72407982642822910        9.9262829202017908     
   2.9440099230607450        6.7639898597475181        1.3712662439678209     
   3.6223339844314704        4.9481325382464396        10.579351727260942     
   1.7747387986245469        5.1857828603176301        12.848735067641334     
   4.7287302686052417        4.4188159392736548        3.9255133421259187     
  0.68702235568725534        5.3361730363396243        6.6425478442796635     
   1.5849348663084326       0.24900442596089833        4.7807975989567746     
   2.9658600282848568        3.2078276782140578        2.0752043475986155     
   3.3810805742850829        2.9248837763454199        15.549353574143087     
   2.3470712908917455        2.1676418785036011        1.9671190638232114     
   3.1128516049299249        4.0955059620512184        3.3402698235504245     
   1.3951883075987310        4.8138611452677464        1.7776604639347307     
  0.33852294952421791        7.0337509575909278        3.0129095167432984     
   5.1428560480259140        4.2798803258046574        2.6210807883726890     
   4.2181868509719633        4.2213056015328272        9.9529465024157346     
   4.2060978455163163        5.6318468013548912        14.512619223264744     
   2.6577377750757138       0.52793655823792807        9.3964535230569819     
   4.2093992711793149        3.1275766571632304        5.8440685250802922     
   5.7552624260522451        1.3168855482593380        14.115086848540745     
   4.2287681099995558        3.5587274127806956        3.2566993657103254     
   3.3282190057151464        4.1963584791844761        5.8588357761797472     
   3.3938977223511291        1.8558618401972156        11.756941212872119     
  0.45812305734629621        1.2759228999532468        3.0409527925047897     
   2.2432675059865153        2.2666124625891895        15.982534471371183     
   2.9615726573026193        5.7498119220313031        10.920353881826813     
  0.93979410956610465        5.2457563791351411        18.314972400664637     
   4.9437370862574230        1.2797533700662715        15.957936729566528     
   6.1937487591196891        5.1817618182858176        3.9289188291922379     
   4.4208192019364736        1.5013453229688489        14.875611930232676     
  0.69571832723255678       0.64767495149374965        4.0081299713223508     
   5.4158012665177750        2.3119443333312613        8.5629285899328433     
   5.2909299520460644        1.7306290597260110        3.8511939368808683     
   1.4871949147574499        6.9548980988865612        3.6620124937667193     
   2.2262931737350224       0.73013732272540854        18.789910330383112     
   1.5787996193560498        5.9431853892656132        14.944718278548663     
   4.7171688080423817E-002   4.4623215946686328        17.949944233504443     
   2.6580370626740542        6.0533854059718317        11.994262988541745     
  0.32693366334281326        4.0130148881135881        6.3336808963384685     
   2.1009453125838640        1.2823299978161307        15.253490259506879     
   3.9357304008520986        6.6453997547132637        14.659694662433148     
   4.1498226696649647        2.2509519809390013        2.9177370066947148     
   5.8530997883329352       0.15506012514666936        16.771234901204185     
   6.8655279743199014        3.7793520697309228E-002   10.619326542111610     
  0.63570634585288999        2.7611945972257281        4.7081739603407042     
   6.8940320592516926        6.9300740200875559        4.3987979526973522     
   4.4385733569759065        4.9771037830294267        15.418659914465254     
   1.5561695310634618        5.1565877211111451        6.1669911298276325     
   5.3478175013234619        1.6151191117969248        17.960804987730256     
   2.0603379106411550        2.8520475944870198        18.685321193512607     
   3.2120023655632424        1.6170099492893197        15.401051852199966     
   3.8172941433632208        6.2948985500565140        3.0037719818750395     
   5.3556121205006164        2.7180347153144484        13.188449068077587     
   2.4284680694765286        2.7076414871820664        9.7270853185219632     
   3.9149694335733041        4.5778757511302244        8.9787570862734576     
   4.7667039466493195        6.0579504732427933        2.4102030825505740     
   6.6612860389834720        4.6327174837347798        11.223572662402448     
  0.76346002234131349        4.8276704838720335        14.273342303784771     
   2.9805916962026062        1.8129928077308015        3.0259211999902744     
  0.66756637563784060        4.6389796937217715        13.029630425297050     
   2.1248133623512531        6.7660976021368420        15.672180423638894     
   4.8458655324538755        4.2523619924700666        7.3052849493687839     
   1.8808427508643912        1.2253511071668626        7.9263341351062824     
   3.9866642360259972       0.42412737291617880        17.035197138377644     
   2.7576559567031889        4.4572431468447888        12.631556098137745     
   4.2674573461090803        5.6042373013126943        11.010936029007276     
   4.7776589421217963        6.5888910775830638        10.622771832491381     
  0.89171492974371114        1.1123496984810264        15.938838362223258     
   1.6970922711654524        6.8873194867924745        16.941078396662544     
   1.1532551041769854        1.8739513331084205        4.1490081488484121     
   1.0051278020041110        3.2937958134653158        16.980690350839936     
   2.0258152180556874        5.3959291946965378        13.949339311593469     
   2.2003901660673710        2.3669871842248065        15.031514907034278     
  0.83591915353300494       0.62304011969391537        1.4531875965641115     
   2.9662278315424606        4.8403052009896621        7.2080380426586768     
   1.8316221072352885        5.8340413006885870        7.1025707419722801     
   4.6419641711788868        3.2858335940229142        15.361499271266032     
   3.2793069325746291        6.4267355745485988        15.309794858384798     
  0.53688116956741938        4.6376527588752259        5.6446903619878412     
   4.1820496566373135        6.2638625441708378        7.1620613949423673     
   6.7582515391937283        2.8991678128195040        12.702717043675962     
   5.2008338934230744        5.2677158216131978        3.3324574845602397     
   1.7640593222049430       0.79326794702895209        14.144159409103528     
  0.89501337917096668        3.4122062737254004        5.7452588192305258     
  0.33106296866795670        3.4157224281663381        17.978047181770680     
   6.1622439090637977        1.5761656343214807        16.565362590835477     
   6.6543317165951947        3.5639237096605036        17.272585695600846     
   4.9975318246191955        1.2153089914188893        10.395972598895339     
   3.5078027069787576        5.3002176038777478        15.227990154497993     
   2.9544019263111818        5.2326635503926928        16.892224020788433     
   4.4164738773512955        3.1931606647585444        4.5760775511569847     
   4.7851518180595622       0.29435407392184237        15.192733881998883     
   6.8966954833766385        5.7764499534718601        14.716215370521548     
   2.3606523153789172        5.4888006736869741        15.281157294264784     
   4.4113754351089298        2.3558081501195249        15.790461137957911     
   2.9893641334768466        1.4163000886792365        16.387042757396362     
   4.4620033596164932        4.3582625017145844        13.507559732519958     
   4.1347334822108479        5.1097729663725815        3.3334523859590535     
   4.5042114690922865        3.6026794902617159        2.2878620666010816     
   6.7323157360187951        6.2789282151159735        2.4730020364777641     
   6.3572687584166161        2.6340454666726227        13.718900153425427     
   2.9347661413811212        1.3563176211249142        8.2450870337617577     
   6.3233147727818659        5.2831270008166946        18.092753454834323     
   6.7303051807213441        1.9114807211619671        17.711885622056077     
   3.4984094679840076        3.2330387135072765        4.0335295026634581     
   6.1456634925622673        3.1149215585126080        10.170272521780264     
   2.9394103086882453        6.7499847454567094E-002   16.639684971721749     
  0.17425823432499443        2.5422172247111194        6.1104014187712172     
   1.8078238906658932       0.60805153973565851        8.8776298802213827     
  0.99915266959139870        3.8105740889126420        4.5269345910364649     
   2.4149391939099716        6.8503294340421101        10.076625184130160     
   3.9688763371130822        1.3915803610410686        9.4741362153039752     
   2.1925562499044569       0.67373406947409797        2.5339174767135364     
   2.9332312717991260       0.20419036480998681        5.3156039940818793     
   4.0230050838566633        4.1962214895655165        12.443443772109681     
   4.3791487893778065        2.1739674715784458        4.3090376421963512     
   7.0014081508115762        4.0403657750311979        14.654383953166271     
   5.0945222837725179        3.7925981078615716        5.8517742846084317     
   4.4303918244763860        3.7571508784085990        8.4144429121853879     
   5.5965870554740667        4.1167906003508552        14.754501930229294     
   6.8276797864147269        3.5302956066732265        4.9814477961353809     
   3.5767555222842016        3.0907122850947442        7.9946059821978421     
   5.8734289831787221       0.63679801583887463        15.925119764275674     
   4.3576884813076076        9.9413124056380531E-002   2.6776029287158942     
   2.9268143293549049        3.7404621245820984        8.6101994643032267     
   2.9382841798095054        2.4087402156553699        7.5528931782514190     
  0.93643368418558126        6.1691247988956306        17.220081641776595     
   5.6470932167232730        3.8286083942307805        16.657245830119411     
   4.0440202221880854        5.4401274674935349        9.7083965343194709     
   6.7008341339733617        1.7808495306049057        1.2512726878569902     
   5.1010519435654187        5.7535710899947201        15.806552368050157     
   2.7357002577917280        2.0222657115405043        17.272320299215121     
  0.85942334243880958       0.33020752471940124        10.600327488558491     
   1.9279716520996084        1.9852857088482103        13.958108018630007     
   5.5231443484634841        2.7462931415958205        16.168872048354086     
   3.1883628716546806        1.7414967575961242        9.1232344896311641     
   4.5670423896185026       0.65744570884119180        6.6066438472653477     
  0.37521590848817704        3.6431128174585945        13.112173548844709     
  0.55374636122566856        2.6901118786107436        7.4094245941850838     
   1.5505318728139035        6.9246910139231961        1.7139010384835429     
   6.6911645287610533        6.1797941935637990        17.170733675597432     
  0.48094243077712773        2.9029491265473584        11.969945018623438     
   4.2707012316007829        6.5225235222724889        11.565840890669913     
   1.7311143557419648       0.84178180551195581        16.728824081857791     
   5.7478250688808270        3.6268679917905229        4.8041819082966546     
   6.4271446445234695        3.8402775570648848        7.3552132248025339     
   4.9805844921703475        4.2403910147965842        15.957858510731768     
   5.0937527826121123       0.56412055856112575        11.376485152533917     
   1.5488285696166176E-002   5.8755100839183186E-002   1.7532551656766084     
   6.2583383757038131        4.6998217034143144        2.7110015962101950     
   3.1661872031104408        1.0611336336190766        17.474639561273531     
   4.7402352300686195        6.7158921656336679        17.004607409475504     
   2.3953347578370030        5.6734395620651910        1.2797776568097825     
   5.4447317904560304        3.4599654018120694        6.8701347586489883     
   1.0375041855009466        2.0952672908878567        14.953222635406785     
