  -1.1794395627508591      -0.18939391588885371      -0.32553544525250450     
  0.63287855919228497      -0.15513488036635512       -1.3187513236886155     
 -0.31847139788164791       -1.6860745423955106      -0.16784798674883211     
  0.54838124674922861       -1.0297513701459586       0.54829742546708271     
   9.5297309744465819E-002  0.17567944882905764        1.2200625735067672     
 -0.95923075711626959        1.6926561800755351      -0.42329413831571983     
 -0.47711110725475320       0.11976383519625479       -5.2510892475697089E-002
  -6.7712695866063280E-002  -1.1981348990755731       -1.3340562319300877     
  0.38794126205185747       0.15665677679922016      -0.70453701180592743     
  0.69692757261647387       0.91950298703486055       -1.0722085711520017     
  -2.1809887218033905        6.0899298749368065E-002  0.87834254924593491     
   1.8832080210636570       -1.5581506230595590        1.8754677066697172     
  -1.5896375017865871       0.56266169242346376      -0.44926478303879464     
  0.81688350504395779      -0.36456222512161007      -0.15063409093573879     
  0.65240725626934604      -0.10659413839692840       0.60819683511088551     
  0.20042771545454985        3.0147469587765099       0.28193463521018558     
  0.35506590216780326      -0.25157594828728380        1.6355180890197054     
   5.4484340380399461E-002  0.72465816017961315        2.5902611739027082     
 -0.55000326435003177       0.58999537023934567       -1.5872320582075921     
   1.2093561046075696       0.72255460465369858      -0.39098341054828756     
  0.46441201726904097       0.17663176061455516       0.48710381214976944     
 -0.12550206841970335        2.7232601761996671       0.23022766104090389     
  -1.1803333884292584       -1.2870682547923291        1.3412934093930373     
   4.2946488252991209E-002   1.2753523213655531      -0.88282867353966910     
  0.56423530944287859        1.3694532044219645       0.33240349118677220     
  -2.3527876818754261       0.74048753673339096       0.53889542137341884     
  0.31000692084137860        1.2436528994205838       -1.7207410682812074     
  0.24802793447243476       0.42617758372981840       0.52694006959495143     
  0.15167218504969071      -0.26092715903408403      -0.49214865509913130     
  0.94576062859712529       -1.0820564840019586       0.32011761454750143     
  -1.6723538868283869      -0.64807264956217081      -0.11059251692635774     
  -6.4937019893703166E-002 -0.63914984992689672        1.9354373712653401     
  0.25035066611865592       -1.9622500738200139       -1.6001816837694565     
 -0.61765439868803229       -3.6450302565803880E-002  0.24180517438774626     
  0.12210605859595154       -1.3597293145896165      -0.27994126806733982     
  -1.2080147727297594       -1.5253985566181640      -0.52887621297116372     
  0.44921496843300679       0.23394540611974096       0.42646778383638800     
   1.2492866169300441       0.34924201503299768       0.22701919076225857     
   1.2200020061226011       -1.2760055097994225       0.81726699737741548     
  0.37223402352382468       -3.0209211238971884E-002   1.3436609706758456     
 -0.50081125887063560        1.1723586214205706        1.1922314409689050     
  0.31941855359019988        1.2426936556401875      -0.42009687107996829     
  0.67360808671304095       -1.8567210665755447       -1.0991795509070361     
  -1.5337750735078406       -2.0590545200561676       0.75505030315687560     
  -1.9345703498122533       0.75364306403693870       0.37588047623283893     
   1.5469292699180317      -0.32748550824395944       0.95904916012076280     
  -8.3006785451168630E-002   5.8955233649795429E-003  0.39818098846541822     
  0.26279495632572097      -0.85925770319878336        1.2940011511802447     
  -1.5365051508039622       0.43861754820616733        1.1805402639085880     
 -0.62085027676878823       0.58135710432815502        1.3134952866525411     
  0.11657874262824881       0.40381780539355561       0.47324064309606551     
   2.5036145485169512      -0.21759881335966866        1.4953466575466150     
 -0.15468866009365112       -1.1111537952057937      -0.94988667321128728     
 -0.38621148798930494       -1.3573456475649128       0.83274717249755215     
 -0.37111899827615674        1.7993401779528329        1.2272559169578305     
 -0.26156747720244816       -1.3831043190714845       0.90667937095175899     
 -0.88063601485219656      -0.47598812339770019      -0.92904451558347878     
  -1.0365528232619681        1.5530007387825482      -0.50205999600264484     
  -8.3633119561677627E-002 -0.78142517664779576       -1.8913323749704222E-002
 -0.17696814290878540        1.5745492610482832        1.9654251019766293     
  0.79297839402306203        1.5594766159656392       0.35720180059999979     
  -4.0061990046234104E-003  -1.9463704187117514E-002  0.69333544701176664     
 -0.93176693598674465       0.61659741353719699      -0.59306193695127751     
 -0.64883677133804796      -0.83885621612849626        1.6565637761007654     
 -0.49959828891703023        1.3055305954210481       0.54540272617334407     
  0.88607521258355704      -0.18708291366746083      -0.14279766732632376     
  0.80132365125317073       0.21421879992121545      -0.81231464648031781     
  -2.3784579222170739       0.37303291643624026        1.3798143559691256     
  -1.7856012333976656      -0.73417957930492916      -0.48025274235961152     
  -1.2509905847191689        1.2635346616991563        1.6781355442543811     
  0.26200139278794315       -1.0384492597370696       0.62284362781771674     
 -0.19216741132676593      -0.77064266793732372       -1.0338608850506987     
  -2.4447083503197131E-002  -7.8386036322638710E-003 -0.58541321845035088     
  -1.4546614345857907      -0.46824771510826413        2.1142763384452943     
   1.1281493340640356        1.6047522515135317       0.14010981312891341     
 -0.66484235534558034       -3.4080589385454940E-002  -1.0330997882534290     
   2.3705142340385343       0.93609502087701746      -0.31061217158613774     
   1.3791885397153056       0.28457360388827618      -0.61199664731332004     
  0.43397506364087179       0.51483852314961676        9.5299728145369203E-002
   1.2056542908183683        1.0372229997646369        1.7926626872471099     
  -3.4921112347399119      -0.32369976638700643        7.8590196210463634E-002
  0.19637210410931383       0.65938773396400141        1.2321467605486118     
   1.8370575753722396      -0.43874293913651785        2.1233665846308813     
 -0.26980087146464665      -0.66373775899733534       -1.0007525533009423     
  -1.1294147883822367       0.82180619552621803       0.19949542323701983     
 -0.40809395245167940      -0.79504415008472218       -1.0422562500119352     
 -0.81107427483794903       0.95241567493653867      -0.40538297220183350     
 -0.13033412642586395      -0.35526042783393219       -2.0443780382930590     
   1.1368852173725013      -0.76520993427691997      -0.33071496401486739     
   4.7948349242103484E-002  0.49815471240866432       0.76882254493209479     
 -0.91781553091128820       -4.9694394635274766E-002  0.27995460957610518     
  -1.7821564787614850        2.2235378168656164       -1.8505414147350892     
  0.60370526729723395       -1.1423113784518026       -1.4685668567171861     
 -0.50924123881140315      -0.72087235666136040      -0.55687659873885698     
  0.82716869783998548      -0.42418739772323633       -1.6225394399042403     
  0.66838215480071861      -0.54528728679999749       -1.7217703365172214     
 -0.51145979465818658        1.5460572791495546      -0.74148288004949670     
  0.37476795733399609       -1.3689014828968098       -2.1063750341549792     
  0.33721060673601511       -2.2845036637638581       0.26322153560684192     
 -0.84021175611805099        1.4462809139933692      -0.76645928884756720     
   1.5608750148232517       0.42858931894494601      -0.44993633418822593     
   1.7471747304233289        1.1948988387819981       -1.1130789724258485     
  0.96110408471646414      -0.86201047150025989       0.87208922808800859     
  -1.3241614869049616E-002 -0.57588696547895080        1.5880421683584458     
   1.1469968793609788      -0.28697852286704129      -0.52748820551925102     
  0.81013607818201727      -0.67829553710758772        1.8826106231527753     
  0.17864105334039057       -1.7524491104069939        1.8436339516212061     
   1.0479990450158976       0.11685535066599821       0.77923650581693771     
  -2.4477266657648853        1.5380347198167630       -6.4690577391636722E-002
  0.79915666224232496        3.6601793638137564E-002 -0.19967134204605499     
  -1.0268440379102022        1.0147668006312500      -0.49279085902833264     
   4.5757001739127633E-002 -0.12062857349649420        1.7825809605733223     
   3.1403640854776080E-002   1.1471064979446357      -0.48624544526243452     
  -1.3062176591152383       0.34531671407371517       0.98954098165233206     
  -1.0241299411339897       -1.3662510156274197        1.0213875553030605     
 -0.19051008299026453       0.30134310343856707       0.98423472702680537     
  -1.0837663554989394        1.3699895229219501        1.0140765548033630     
 -0.41199033679894476      -0.17440337237502856      -0.38384913807575749     
  0.26400391343152757       0.71929123047725696       -1.5174753190755235     
  0.42831423257965884       0.42990504615417069      -0.51265365357238113     
   1.7117463869163507       0.62846701040802222       0.54758311357204970     
  -1.1252640546313675       0.23406943544194692        2.8577495386626914E-003
  -2.4538808809012083        1.2267921336760537      -0.33016861704896217     
  -7.5554488740566639E-002  -5.5575785037372483E-002 -0.26669000480383936     
  0.45094507190947070       0.18198938474641102        2.3491884851896354     
 -0.97400031924755681       -1.8660103715763057      -0.37122242849795289     
  -1.2219013450376042        1.1706204610859459       -6.9519497841480968E-002
   1.4069246818803325       -1.4887332946819700      -0.50378695884269120     
 -0.72841501258664243        1.8570809851913059        4.6845742189167490E-002
   1.6888986265962806       0.38753162907756383      -0.14936427409835604     
  0.43090600938960322      -0.81244770856137383      -0.14033413959252253     
  0.55996662831662281       0.15365017771044787       0.75486255554157733     
  0.43028164566915034       -2.6909217004246290E-002  -1.4816962950974766     
  0.92330143285007960      -0.73124747888645147       0.20496380033425352     
 -0.54736676312302812       0.27860515934972385       0.71951530335847003     
   2.1541795588649624      -0.74453816534873274        2.3414141648160922     
   7.9054135970328624E-003 -0.23269178466985682        1.3886139433954228     
  -1.3180146433681417      -0.46581715656219930       -2.0792925590504545     
  -1.8407258197164251        1.2946990107123721        1.3998297839452134     
  -1.0668518421043061       -6.3096984843466555E-002 -0.34006491641110148     
 -0.48088915024506235       -1.1928543715017741        1.1835510883725218     
 -0.90397736484070346      -0.44124983514861849        1.1454994848194173     
  0.75700548836182058        1.0717240539486916      -0.70380249643128912     
 -0.40282311718116176       0.19206595369694351       0.72344271293869034     
  -1.5911252097709589      -0.54978894039851722       -1.5550068413128775     
   1.3440494241720569       0.84097490023602051        2.7163747552292787     
  -1.7720260166001600      -0.39549206216096233      -0.97650907017733646     
   1.7745034423788266       -1.0483194384604830       -1.1926190039271620     
 -0.52564984701233708      -0.30781645759684662        8.8263982552067202E-002
 -0.70061993754232921        1.4010447306337153       0.47810438515776421     
   1.2492236856441239       0.27583550033157189        1.6314376089589064E-002
 -0.25559879047718176        1.3337827367501560      -0.78699573717702931     
 -0.90552973107525425       0.91856303622948843      -0.12555398847614563     
  0.40831375776996004       0.15721725484551835      -0.11515552803795555     
 -0.76360320784843561      -0.98431474404580577       0.54284362206085601     
  -1.5096682189068993       0.13502035931070436       -1.0270134137718894     
   1.8677004977153704        1.6451616832315494       -1.3641933751282027     
 -0.98017622621562650       0.79397558444712779        1.4059570218861235     
  0.11945976083222855       -2.6416340258916420       0.10221635411369856     
 -0.55868965572596074      -0.41474105114780829       0.69536745166504577     
   1.2879817787384611        1.0934952925271357       0.76426696394367244     
   2.6665014964308775      -0.12846772414399701        2.3146963118948127     
  0.32668550304176924       0.41195299219710751      -0.89443744319835794     
  -1.0581023526397462       0.55322215378044559      -0.38833305606528046     
   1.0758960886796893      -0.25746724524326547       0.32936696732479781     
   2.8446874811467451      -0.66113601301902114       -1.1389318188397084     
  0.28873020352867379       0.85584360443514662       -1.4092538659753850     
  -1.8658486000489369       -1.8185855988260524      -0.55233483019774265     
 -0.66667337270650695       -1.1049246212327739        1.2191150573775198     
  -1.4246528799558016        1.2259962682469274      -0.46045884752566474     
   7.0108903383298143E-002  0.30042635005695489      -0.10106142176644012     
  0.93904061054386490       0.78783155002536875       -1.5239000087515107     
 -0.33560239113858714       0.38957640392093296       -1.8252879358357676     
  -2.2301367776905443       0.13536905830759954        1.6253203214920995E-002
 -0.37482556755626001      -0.76981691041034217        1.4133184276139021     
  -1.6363189924641548        2.0002730548233947      -0.50728921109981928     
   1.4317324913115421        1.0420280576485521        7.4010971680882498E-002
  0.40890461291234192      -0.31578445377961878       -8.7083012795949582E-003
  -9.3854920960460914E-002   3.0794959879207475        5.8940247178389082E-002
 -0.61510662447196596      -0.64171422216474650      -0.74964418763218421     
   2.6874356041259682       0.15831190238513798      -0.33906827009364232     
 -0.16956932891416510      -0.21537057245280400      -0.62674196281157835     
  0.29359054799048462       0.13437445274309059        9.9989476353210469E-003
  -1.6800835394597076       0.50577219587607880       0.60505956764456570     
  0.10996502097952328       -5.6967527017133771E-002  0.78049271662390141     
  -1.0325954450797827        1.0708759420659613E-002  -2.6407892511195454     
   5.9180436672799958E-002  0.53798482982393736       -1.1720627977251952     
 -0.71772088039441329       0.94785120101929166      -0.52853973657216702     
  0.41233904388240283       0.61671653392813075        1.9514092843530968     
 -0.58176965765707489      -0.63905266445818221      -0.29143812624547105     
  -1.0600987410733889       -1.3493949229520110        1.1767862208689990     
  0.10505207771070077        2.5417692621260546       0.40518807907971804     
  0.64879497472282088        1.2140547105792423       0.11601416009548213     
   3.8823173932844686E-002 -0.51863822589882946      -0.59288143813721306     
   1.2200121400230208       0.34742733739903081       -1.3583675191162483     
  0.23574066629791390        1.9555923564291320       0.10964874399600412     
  0.31228012691448531        1.3747776656700348      -0.44907358614636234     
  0.13116362945908527      -0.18761966988952591       -1.1568524354594556     
   1.3065964794781113      -0.54002177952023511        2.1457068715155132     
  0.34468427557547637       -1.4709283671709772        2.4378173954817379     
   1.8872471482236992      -0.64675862013507213      -0.11538297390485198     
  0.26605574921093111       0.32508804786996964      -0.79601109388462010     
   1.4902758850630820        1.3270725697570991       0.27640253894708172     
 -0.33701270209928186       -1.2012794873795163       -1.4642318725415257E-002
  -1.9457035900785116       -1.3855168026748703       0.45584515690165878     
  -1.6834534232376253       0.93113214352983353       0.52348911700457568     
  0.94096109877715928      -0.32638900959913431       -1.7336684500304091     
  0.25822619912899497       0.85695102673588675      -0.32549905943199375     
 -0.41335288248566809       -2.0167402243603565       -7.7965448168722237E-002
 -0.16533029867687221        1.0713852631525440       -1.8683119571584543     
 -0.19426493776164191      -0.61728694192811551       0.52222211884827618     
  0.89823031035107714       0.78132458842674712       0.98187011964537574     
   1.3911696160530551       0.63776560850832531      -0.16312728743784441     
  0.14806530244345859      -0.30785640251858987       0.83815417653019042     
 -0.63522458013625027       -1.8800907387052750       0.43940675612434527     
 -0.74564434510593069       0.42112888458118880       -1.1067060751083504     
  0.47466314268950049       0.50918215512144460       0.62582070310138649     
   1.7167133498866547      -0.50508023851538153       0.13702512864031979     
 -0.18568384301474850      -0.87633305658400018      -0.82147167746982441     
 -0.18876871827061278        1.1310274946905745      -0.98440329158559370     
 -0.45464420992868021      -0.68855930723278125      -0.29208942177394770     
  0.76341949813746224       -2.3481528080249077        4.4998499549562282E-002
  0.80344907650641417        1.2433097006272109       0.66957278587686520     
  0.49960074934343679        1.2914995524553239       0.19800438675268831     
 -0.69414535966839530      -0.14679743999101566      -0.14019570538320283     
 -0.49477744035959964        5.9878316313139793E-002   1.7364457136270979     
  0.64751179022985006       -1.9019185132751371        1.7950735249765006     
  0.64951147285349509       0.79371508796348900       0.47395077992524071     
   1.1743873436646832        1.1363820841626093      -0.54677609664369231     
  0.94507376200301541        4.0429430237739081E-002  0.89924595909324612     
  0.74913943551518081        1.4368287332071961      -0.97526104403350788     
 -0.43517240215486580        1.3637848398913186      -0.30278992875490934     
  0.83980228369478971       0.36024960117212923       0.16963915767000989     
  -1.0432846091897026        1.7710056893170685      -0.85622914006343975     
  -1.1884859210881058      -0.31834906207120833       -1.1784125239139649     
  0.54991047309796603       -1.3929928710888428      -0.81648149392654745     
  0.33463593732199504      -0.18510132100917587       -1.6865693930530707     
 -0.92648984056304895       0.18050923496383772       0.17045031723654697     
  -3.4568307728401082E-002 -0.13424112269965066       0.45836012704005202     
 -0.65728630428201917        1.5661340382202682      -0.59191731811653092     
  -1.0227869518050456      -0.93293380303581663       -1.6506481429126829     
  0.69384859907162555       0.20596607282333781       0.58674658093114929     
 -0.47260299608195427       0.49507813271056189       0.41757369451450044     
  0.16230634842462696       0.56285166411831022        3.0034480251026072E-003
 -0.25682150039540746       0.65107694394823445        1.1087194087063497     
  -1.5390244558562591      -0.24820551074073305       -1.3975428455936481     
  -1.0254731254001135        1.6734655257414257       0.69086595279762830     
  0.86785779527743079       0.14396692147017034      -0.19381760728218472     
 -0.76907600830144163        1.3307308581679060       -1.4766082087739683     
  0.51828447576213754      -0.86138017044470638      -0.74428124226230985     
  -1.9813169718463288        1.2023684934737462       0.26119713129272742     
   7.8501219896737945E-002   1.1943049137067174       0.27576633438355425     
  -1.0709104734025291E-002  0.67245434368852375       0.72527725628142792     
 -0.99966223425967626      -0.72306704455607074        4.8062763014280044E-002
 -0.53238848382283088       -5.1193924095672534E-002   1.5101016949240829     
 -0.89457475863289393      -0.22027968076267759       -1.0365379407226503     
 -0.88709385977624933      -0.75848136279496980       0.99627432511863534     
  0.39052091034571701       0.62528067124631614       -1.1322062232552910     
  0.63557922732156846      -0.97068541962511568       0.96772466163113646     
  -1.2691139432056286      -0.68947058221906432       -1.7313700052621295     
 -0.95835094063618853       0.17810497305117501       0.68996807702771057     
 -0.64162827606815498      -0.70845777542339572       -3.4292334233671957E-002
  0.25693725536454703      -0.41423415480183223       0.89673306772815853     
  0.36196176760010251       -1.0946263907578337       -2.8257736219643496E-002
 -0.86410137706494905       -2.8371693619061732E-002  0.78599200694404581     
  0.23158226333588777       -1.7636061264986782       0.59629747105045927     
 -0.56570573821481640       0.14023130495745820        1.8164683074694206     
   1.2559067936316610      -0.33560972409433437      -0.10587177985975567     
 -0.35314886768025333       0.90410733259074927        2.8966193761202332E-002
  -1.1465893301609853       0.17356756309339330       0.56209877089417826     
  -4.0227540965897653E-002  0.26017139984604887      -0.88669181356311610     
  0.81788887800011267       0.61767776133677521       0.86754148541518228     
  -1.0230806390949762E-002  0.15039275904176516       0.27238147789519424     
  0.94246083584099261       0.84117709663624374      -0.73585402285402846     
 -0.68454836321468182      -0.66530562750931621      -0.15616442380197318     
  0.71447622948100453       0.55178199019722507       0.13230578495754608     
 -0.39039916712782452      -0.34421706592456752      -0.59524916680739759     
  0.28304062021896165       0.12590580055731573      -0.47011571937576802     
  -1.2184226652631689       -1.3537451923305275      -0.65862864133474786     
 -0.23078879263752264      -0.17477151717700765        1.3086609261979780     
 -0.87818146167215150        2.1093372416477916      -0.58269448906226007     
  -3.2324339145316357E-002 -0.85002179446096260       0.33025060737959094     
  0.87085510467444560       -1.3466420983778928       0.95010101916113476     
 -0.97873371535458487        1.0882947548737492       -1.4377273515956623     
 -0.88950242550454384      -0.32876295660888810      -0.14906019764188164     
 -0.21379846094100269        1.2791300554297664       -1.0463133202374535     
 -0.61050654459430531       -9.4062465948465693E-002 -0.22534828630492351     
  0.33643798323173063       0.58418238921788745       0.11088056391071324     
  0.55166799377459730       -1.5308074896118904E-002 -0.97512865705533713     
  0.50199896197486982        1.8018003901138977        3.6219148944891012E-002
  0.22710327851222412      -0.45504349691200319       0.24506524867962751     
 -0.34508837951805182      -0.43756095103280090       0.67010357188501868     
   1.0075797202121259       0.12693086097491094      -0.52877851794683284     
  -1.0591171171510454      -0.35128636311584049        2.9822683089649450E-002
  0.23531429225711242       0.86028343468550783        1.2076761995879302     
  0.62585987066197168       -2.1619521505809685E-002  0.53861648715203458     
   1.1205923047908863       -2.0558167029707106       0.35169120800798220     
  0.14536877810355028       0.25166658307671708       0.10845239586999883     
  -9.7089597307877945E-002  -6.8905755045780434E-002   7.4657391912220331E-002
  0.81575787994309812       0.32569460124285049      -0.78522116755730009     
   1.1193499236484428       0.41310629077863031      -0.31171438561479409     
  0.71755218610097715      -0.70412830132707771      -0.27173587595387672     
  -1.1006284933760067        1.9127027269215713       0.31425983222473003     
  0.25087219976703196      -0.32781566644211407       0.40963014880957499     
 -0.12869420917829252        1.1922477471650987      -0.33353821963076530     
   6.5366593916432361E-002 -0.73895962394648163      -0.70918156985168401     
  0.79586161410198997       0.88100585112478402       -1.1441487340628371     
  0.93239480976930644       0.78896674471054740      -0.13968760794571081     
 -0.85067792258815744       0.76973189492060434      -0.69000128348388901     
  0.64077237521317432        1.1991602794427469       0.29891741523015469     
  -1.4058265715995026      -0.73911892326203799        1.4811284125675208     
 -0.41700714670237643       0.23342647603510164      -0.72774099498274347     
  -6.8004490111359520E-002  0.71186469590855916      -0.87263463851959477     
  0.57815838738773018       0.61881184530564182      -0.40771606041277902     
  0.29132738946677650       0.80163569797276479      -0.44231881291358233     
  0.15178776635551780       0.78306799727847898       0.88090014983016451     
 -0.37584801316813726      -0.50689351625603218       0.53124475341960131     
  -1.0042945349573047       -7.9973466009945385E-002 -0.27765206181143032     
 -0.21466321708531125       -1.4605366193427252      -0.65505645113802047     
   1.1240151341438591      -0.94318106526174628      -0.96348810279497288     
  0.12154775697849592      -0.15187185408089568      -0.86057918070123429     
 -0.87421653535229271      -0.10169024647106185       0.54931949781761791     
   1.2458160447525479        1.9684741731626569       -1.1962802472415699     
  0.49653884920976071        2.5007271950116070E-003  0.64198167222958058     
  -1.3455011209099768        1.5010644307162200      -0.11033207884646846     
  0.33889897636291844       0.59222790419103566       0.29971177333524224     
 -0.29362796368616551      -0.33612402586682039      -0.47938042049584811     
 -0.50388355115639616        1.0725507166537795       -1.7227004094010723     
   1.6270358515363167E-002   1.1579596954922133       0.30045490951264586     
 -0.32316261921242784      -0.96910929025229797      -0.37475798146044692     
 -0.90293019412010445       -3.6373067225273795E-002 -0.62842470431916619     
   1.8356060229233362E-002  0.54269415968433343       -8.0174162590767924E-003
 -0.44578973226893709       0.42534659871958219      -0.26329909210399183     
 -0.45751088257332084        1.5083571340990971       0.62807927326690893     
 -0.54156775334628171      -0.18682820387606142        1.4074591917619674     
  -1.1128105908938455      -0.35262350514281260       -1.4768535922365118     
 -0.32116346246982713      -0.48824576296158601       0.37455536004584711     
 -0.49725385230612529        7.2365204560363411E-002  0.60341071182837658     
 -0.51440225224715841        4.0562915359069904E-002 -0.85174535994003409     
  0.38815544301643767      -0.81346051011414977       -2.0942863499523181     
 -0.23836129456380561      -0.76491683436703162      -0.20971477578642758     
 -0.16858355357966850        1.0289113514520798      -0.17512035871471507     
 -0.48245483871704020        9.6284885923779484E-002  0.41894280833475439     
 -0.53522975507952486       0.65079611179424646       -1.6051708525213693     
 -0.84408185327172724       0.97658077579239189       -1.4672097970909224     
  0.55576446263328383      -0.19933979912975630      -0.38890654850579331     
  0.33292935662987644       -1.3764777602273468      -0.72744282624071244     
 -0.87934445783198134       0.19955020356083009       -2.1167985715171506E-002
 -0.13185793638820975       0.13062030642215877      -0.31703301246594962     
   1.4039757681169067       0.61542747891316552       0.79431747245784301     
 -0.38898149278626371        1.8798560908551691      -0.48528234714001106     
   2.7935191783509301E-002  -1.0097531099380714E-002  -7.4639723389052864E-002
  0.10928583580590934       -1.1735892457927131      -0.12850779835203843     
  0.56795896335660301       0.11143127642385894      -0.59287200511814286     
  -1.2246440632469409        1.3387657884558448      -0.92259077879672102     
   9.4873849172376776E-002 -0.61988864782346453      -0.25622673959443820     
  0.58523874322090608       0.20891680790594394      -0.99765513096884073     
 -0.49415637369186710       0.28754083463631724      -0.15201008372353852     
 -0.43074415853833953      -0.50171762593417812       -1.3185700866502381     
  -1.6826226192460056      -0.88255813121841886       0.47497063685898477     
  0.34398182587401205        2.3470509473064891      -0.97105403454927530     
  -2.3898115814722676E-002   1.0894089129216815       0.51370986903724347     
   1.4379447473158271      -0.44523778543314085       0.28616319247292615     
   6.1426238600293434E-002  0.63711963714473285       0.76240857611716684     
  0.85071360303140686        1.8868717325952564       0.83462158559302091     
  -1.7091531151432156      -0.98731638358757845       0.41733741342351743     
 -0.27799505043290335       0.87944764839360068       0.75638759956405821     
  0.24787547459510204      -0.50098329897293281       -1.5794117003912749     
 -0.22276955475973548       0.43758242736432890      -0.22104156303093578     
 -0.76521076260208143       0.30114839948746530      -0.76781162671776748     
  0.47780320250646763       0.46074344843308662       0.71065748427590558     
   2.1804090852443387      -0.29396411255869981        8.5013023331703755E-002
 -0.97785836753680322       0.61190900276686488      -0.56464369179654617     
 -0.63991321459167116      -0.42296865522569682       0.47869878046289882     
   6.5074531901941818E-002   1.3167840129579464        1.1988101683915352E-002
 -0.69167845148636808        1.1686118481973877       0.56229469278736066     
  -1.2504022150446250        1.1635545815105688       0.44580092161764417     
  0.44729931397971701      -0.90641220700511382       -1.2873333553147657     
 -0.63271232077659711      -0.52864045441685359       0.39379829002014261     
   1.2995907342756059       -7.4604240640503208E-002  0.63400441539841479     
  0.58660204191814092       -8.3579980507964030E-002  0.10672714412015491     
  0.27161714862929059      -0.82943755399294394      -0.67434653524612442     
  0.63100768591958289      -0.52011938903323607        1.4305642784667230     
 -0.57051918364983367      -0.41790320433632044       0.79524070267222069     
 -0.19770312528246242       -1.0426455551527252       0.29996273120682854     
   2.4604882932572076      -0.20535348781955348       -2.3128176322031242E-002
  0.15764056529403209      -0.21511776747467221      -0.12919849327472435     
 -0.19312149376187429      -0.90516881029516782        1.0391231828589667     
 -0.61283757439891651       0.48489291656409333        4.3589425733901184E-002
  0.26058446824588855       -1.6043158565921700        1.2617846028799249     
 -0.27182689539962590      -0.17652578502868985       0.68495269195808162     
  0.89513606420609759      -0.48094394561370452        1.4649874398878082E-002
  0.14247838713374666       0.97947392702882963       0.75765754875193470     
 -0.17399805567449778      -0.70395453610261793      -0.54176207606757365     
  -1.2402516322812283        2.0739050748218331       -1.2555504989843576     
  0.63674239053395487       0.43314713861664816       -1.1367978635314300     
   4.0193488576128790E-002  0.24693412248933996       0.29358401617858870     
  0.36156935313125416       0.20600807045730088      -0.32131099972124805     
  0.87736437295282399       0.34753881308564905       0.38008717893032806     
  0.46205363049504605      -0.71892188386134515      -0.28918407678703895     
