       0.0790569       0.0000000       0.0500000
       0.2371708       0.0000000       0.0500000
       0.3952847       0.0000000       0.0500000
       0.5533986       0.0000000       0.0500000
       0.7115125       0.0000000       0.0500000
       0.8696264       0.0000000       0.0500000
       1.0277402       0.0000000       0.0500000
       1.1858541       0.0000000       0.0500000
       1.3439680       0.0500000       0.0500000
       1.5020819       0.0000000       0.0500000
       1.6601958       0.0500000       0.0500000
       1.8183096       0.0500000       0.0000000
       1.9764235       0.0500000       0.0000000
       2.1345374       0.0500000       0.0000000
       2.2926513       0.0500000       0.0000000
       2.4507652       0.0500000       0.1000000
       2.6088791       0.1000000       0.0500000
       2.7669929       0.0000000       0.0000000
       2.9251068       0.1000000       0.0000000
       3.0832207       0.0500000       0.0000000
       3.2413346       0.1000000       0.0000000
       3.3994485       0.1000000       0.0000000
       3.5575623       0.1500000       0.0000000
       3.7156762       0.2000000       0.0000000
       3.8737901       0.2000000       0.0500000
       4.0319040       0.2000000       0.0000000
       4.1900179       0.3500000       0.0000000
       4.3481318       0.1500000       0.0000000
       4.5062456       0.1000000       0.0000000
       4.6643595       0.1500000       0.0000000
       4.8224734       0.1500000       0.0000000
       4.9805873       0.1500000       0.0000000
       5.1387012       0.0500000       0.0000000
       5.2968150       0.4000000       0.0000000
       5.4549289       0.3000000       0.0000000
       5.6130428       0.2500000       0.0000000
       5.7711567       0.1000000       0.0000000
       5.9292706       0.1000000       0.0000000
       6.0873845       0.1000000       0.0000000
       6.2454983       0.4000000       0.0000000
       6.4036122       0.2500000       0.0000000
       6.5617261       0.2000000       0.0000000
       6.7198400       0.2000000       0.0000000
       6.8779539       0.1000000       0.0000000
       7.0360677       0.3000000       0.0000000
       7.1941816       0.0500000       0.0000000
       7.3522955       0.1000000       0.0000000
       7.5104094       0.3500000       0.1000000
       7.6685233       0.1500000       0.0000000
       7.8266372       0.3500000       0.0000000
       7.9847510       0.1000000       0.0000000
       8.1428649       0.1500000       0.0000000
       8.3009788       0.1500000       0.1500000
       8.4590927       0.1500000       0.0000000
       8.6172066       0.3000000       0.0000000
       8.7753204       0.1500000       0.0000000
       8.9334343       0.1500000       0.0000000
       9.0915482       0.0500000       0.0000000
       9.2496621       0.1500000       0.0000000
       9.4077760       0.1000000       0.0000000
       9.5658899       0.0000000       0.0000000
       9.7240037       0.1500000       0.1500000
       9.8821176       0.1500000       0.4000000
      10.0402315       0.0000000       0.2500000
      10.1983454       0.0000000       0.1000000
      10.3564593       0.0000000       0.0500000
      10.5145731       0.0000000       0.1000000
      10.6726870       0.0000000       0.0000000
      10.8308009       0.0000000       0.0500000
      10.9889148       0.0000000       0.2000000
      11.1470287       0.0000000       0.2000000
      11.3051426       0.0000000       0.1500000
      11.4632564       0.0000000       0.1000000
      11.6213703       0.0000000       0.1500000
      11.7794842       0.0000000       0.1500000
      11.9375981       0.0000000       0.1000000
      12.0957120       0.0000000       0.1500000
      12.2538258       0.0000000       0.1000000
      12.4119397       0.0000000       0.1000000
      12.5700536       0.0000000       0.1000000
      12.7281675       0.0000000       0.1500000
      12.8862814       0.0000000       0.2000000
      13.0443953       0.0000000       0.1500000
      13.2025091       0.0000000       0.1000000
      13.3606230       0.0000000       0.0500000
      13.5187369       0.0000000       0.0500000
      13.6768508       0.0000000       0.0500000
      13.8349647       0.0000000       0.0500000
      13.9930785       0.0500000       0.0500000
      14.1511924       0.0000000       0.0500000
      14.3093063       0.0000000       0.0500000
      14.4674202       0.0000000       0.0500000
      14.6255341       0.0000000       0.0500000
      14.7836480       0.0000000       0.0500000
      14.9417618       0.0000000       0.0500000
      15.0998757       0.0000000       0.0500000
      15.2579896       0.0000000       0.0500000
      15.4161035       0.0000000       0.0500000
      15.5742174       0.0000000       0.0500000
      15.7323312       0.0000000       0.0500000
