       0.0400000       0.0000000       0.0000000
       0.1200000       0.0000000       0.0000000
       0.2000000       0.0000000       0.0000000
       0.2800000       0.0000000       0.0000000
       0.3600000       0.0000000       0.0000000
       0.4400000       0.0000000       0.0000000
       0.5200000       0.0000000       0.0000000
       0.6000000       0.0000000       0.0000000
       0.6800000       0.0000000       0.0000000
       0.7600000       0.0000000       0.0000000
       0.8400000       0.0000000       0.0000000
       0.9200000       0.0000000       0.0000000
       1.0000000       0.0000000       0.0000000
       1.0800000       0.0000000       0.0000000
       1.1600000       0.0000000       0.0000000
       1.2400000       0.0500000       0.1000000
       1.3200000       0.1000000       0.0500000
       1.4000000       0.0000000       0.0500000
       1.4800000       0.0500000       0.0500000
       1.5600000       0.0000000       0.1000000
       1.6400000       0.0500000       0.0500000
       1.7200000       0.0500000       0.1500000
       1.8000000       0.1000000       0.0500000
       1.8800000       0.1500000       0.1000000
       1.9600000       0.1500000       0.0500000
       2.0400000       0.1500000       0.2500000
       2.1200000       0.3000000       0.1000000
       2.2000000       0.1000000       0.2000000
       2.2800000       0.0500000       0.1500000
       2.3600000       0.1000000       0.1500000
       2.4400000       0.1000000       0.1000000
       2.5200000       0.1000000       0.2000000
       2.6000000       0.1500000       0.1000000
       2.6800000       0.3500000       0.2000000
       2.7600000       0.2500000       0.1500000
       2.8400000       0.2000000       0.1500000
       2.9200000       0.1000000       0.1500000
       3.0000000       0.2500000       0.1000000
       3.0800000       0.0500000       0.3500000
       3.1600000       0.3500000       0.2000000
       3.2400000       0.2000000       0.2500000
       3.3200000       0.1500000       0.0000000
       3.4000000       0.1500000       0.1000000
       3.4800000       0.0500000       0.3500000
       3.5600000       0.3000000       0.1000000
       3.6400000       0.1500000       0.1500000
       3.7200000       0.1000000       0.2000000
       3.8000000       0.4000000       0.1000000
       3.8800000       0.1000000       0.2500000
       3.9600000       0.3500000       0.3000000
       4.0400000       0.0500000       0.2000000
       4.1200000       0.2000000       0.1000000
       4.2000000       0.2500000       0.2500000
       4.2800000       0.1000000       0.1000000
       4.3600000       0.3000000       0.1500000
       4.4400000       0.1000000       0.1500000
       4.5200000       0.2500000       0.3000000
       4.6000000       0.1000000       0.0500000
       4.6800000       0.1000000       0.1500000
       4.7600000       0.1000000       0.1000000
       4.8400000       0.2000000       0.1000000
       4.9200000       0.1500000       0.3500000
       5.0000000       0.1500000       0.4000000
       5.0800000       0.3500000       0.2000000
       5.1600000       0.1500000       0.0500000
       5.2400000       0.2000000       0.1000000
       5.3200000       0.0500000       0.0500000
       5.4000000       0.2500000       0.2500000
       5.4800000       0.1000000       0.1500000
       5.5600000       0.2000000       0.1500000
       5.6400000       0.1000000       0.2000000
       5.7200000       0.1500000       0.2000000
       5.8000000       0.1000000       0.1500000
       5.8800000       0.0500000       0.1000000
       5.9600000       0.2000000       0.1000000
       6.0400000       0.0000000       0.1000000
       6.1200000       0.1500000       0.1000000
       6.2000000       0.1000000       0.0500000
       6.2800000       0.1000000       0.0500000
       6.3600000       0.1000000       0.1000000
       6.4400000       0.0000000       0.1000000
       6.5200000       0.1000000       0.1500000
       6.6000000       0.2000000       0.1000000
       6.6800000       0.0500000       0.0500000
       6.7600000       0.0000000       0.0000000
       6.8400000       0.0000000       0.0000000
       6.9200000       0.0000000       0.0000000
       7.0000000       0.0000000       0.0000000
       7.0800000       0.0000000       0.0000000
       7.1600000       0.0000000       0.0000000
       7.2400000       0.0000000       0.0000000
       7.3200000       0.0000000       0.0000000
       7.4000000       0.0000000       0.0000000
       7.4800000       0.0000000       0.0000000
       7.5600000       0.0000000       0.0000000
       7.6400000       0.0000000       0.0000000
       7.7200000       0.0000000       0.0000000
       7.8000000       0.0000000       0.0000000
       7.8800000       0.0000000       0.0000000
       7.9600000       0.0000000       0.0000000
