   4.1289799278429165        2.6478595670609666        6.0803403256734665     
   4.1473611201343932        2.9090310330340490        3.3779974146448901     
  0.11424418972500729       0.14472948697192753        1.2702295242172807     
   5.6247827081084063        2.0888812110097508        5.6801688766705878     
   4.7183858576428523       0.66719840040947620        5.5256657542463312     
   3.8537381937370667        1.9715940586618534        1.4401796340645787     
   4.9084542442930088        3.7769056733741579        14.710882823351032     
   3.6477057483537463        5.7453040248307703        4.6610378938716890     
   1.3576341869546422        6.4471397741490577        11.892371347125117     
  0.54482146569977374        3.0921747594279552        13.336019366485861     
   6.1289949293271437        4.3758899495075374        1.3368143004581485     
   2.0557072451186724        6.8326679352832889        15.890544027254723     
  0.51224652245977231        5.6552070151494682        7.3099258544326506     
   2.0055742549572075        6.3698727059737514        13.196690055141335     
   2.9553010136329445        1.8519207864948009        9.0559525351641632     
  0.66660223611905522        4.3615232603277843        14.414639606725986     
   1.0779436191639260        1.3460667315218477        15.759397458814274     
   1.1575428147274591        5.4744447375455376        9.0553637245718779     
   1.9915099386274080        5.0325157043013382        10.193442904227975     
   5.8855941080565746       0.41109989195875735        3.8759642337944196     
   3.5675532852314729        5.2736183372045558        2.3518363335515682     
   3.8998778292291227        3.9592600745179047        3.2644528224370770     
   1.2092775638643263        4.6236483066085858        12.785750577086514     
  0.77638428039738216        3.5383110916486187        5.7357529771975999     
   1.6673766883597487        1.3917228781274540        12.528518480321226     
  0.56693641867435318        1.1799803299220721        6.7803668568966398     
   5.4304658360391231        3.6158836755399952        6.8060822448156344     
  0.63848301225556736        4.3011232571971902        4.5102405233556722     
   5.1151421386172800        2.5435633923224432        8.2127852404078485     
   4.0889752297401545        2.4213015443798391        10.547879653336219     
   4.7598757274017158        2.3342581962708548        2.1151032372374687     
   5.5988063208395298        6.3629586576212604        7.6018965762419928     
   6.8806049252751560       0.97059760114116611        9.2584580878073979     
   6.5833394739016766        1.4980268259150049        6.8066148887623195     
   1.4710603539639049        4.0012609417417373        7.4573873572427489     
   4.7536190817626105        2.1319198104832120        17.694384137668997     
  0.18019737195182886        2.0489357417771150        17.622248669354995     
   3.5679382637570782        6.0570382620348697        1.3819802870866054     
   6.1740702800360889       0.72919591925636218        7.8542039689774041     
   4.3878613411277678        1.7750589629340945        7.7838310772691504     
   6.5160087674704599        1.6037562949628406        5.6970192734381051     
   4.4794921371019756        4.7972695983076248        5.3315344350665574     
   4.7306654522921168       0.44659411521154224        17.955659642258624     
   6.5274869374990709        6.7308839026956200        13.049209560994866     
   4.5992561438463220        5.4307216973284529        2.5025415898139065     
   6.5155441923531292        5.1667925453995087        8.0641609536018262     
   5.5631795637942032        4.8943319951848192        10.440690350084811     
   2.6458296673773027        4.6866483667627215        17.423508233255770     
   4.8520849554922574        6.7782732493812539        5.9962194059075768     
   1.4128369428549459        4.3943370884595820        17.930590480958465     
   3.5458449295158627        5.4569075333956683        17.341179214172744     
   2.6111189224141063       0.30901767446891709        1.3215110988893006     
   3.2089145208470278        1.7190311395212547        11.852646676374311     
   2.3182829080660046        3.5452042098561831        10.726574828439752     
   2.8494719831395048        2.2104955630409937        6.0880563988470788     
   6.7785647127175128        1.6539996936443360        16.454830605667624     
   4.4025784680152062        5.4625485655241537        18.341892302629276     
   6.6717395921519209       0.53010705132333935        5.3210708242788058     
   2.7646112751363869        6.8750571715261986        10.695291636432072     
   5.9978910916655099        6.3535488586436006        17.384491087997294     
   1.8420912546378709        3.2454412917528170        17.825117257090128     
  0.86655465688495992        6.2684261984189344        8.0095422067897601     
  0.85274472112164190       0.24700132102022859        17.798042861510723     
  0.53876175912569313        6.1796756752952904        18.039445871813474     
   3.3272013847693489       0.79189880760618858        17.285709977249439     
   2.1922285201982161        4.6816437091083882        18.563719420273262     
   6.5110789293991536        6.8946663728437878        9.3607470906360533     
  0.52493435048267090        5.1468815150923408        18.281528219612248     
   1.1097800805077183        3.8518666633773773        12.071068766704258     
   6.6652197497306984        1.2812601771738261        11.712518165854174     
   2.2388950804113836        2.8199443247220479        14.566158804541500     
   7.0148060408228696        4.2912799830836876        8.0432531250756174     
   4.2712508249255796        5.7210167384798352        10.377105705840282     
   1.8849283458637760        2.6848886300219790        10.968071592639747     
   6.9523670300032085        6.2345596557345644        10.550902322718938     
   4.2881211120197689        2.8254724861421945        1.2953405856521918     
   5.8997463925200888        1.9162603395295883        8.7481433799441728     
   4.4691343755123132E-002   5.8368149764998130        14.330686228144979     
   5.7590067245154657        2.3719061017068959        6.6945769910419877     
   3.7846020107879528        5.1544359698728508        14.041547855251869     
   1.8875400012350991        4.6057154091358763        11.978003113238874     
   6.2531763384045034        3.2940364604076513        12.980954644532618     
   4.4453797082759579        5.5633340615729567        11.734565353874766     
   3.3508059885143728        5.1557126010723762        5.7573497883480131     
   3.8773339849614046        7.0170640843870311        6.0058139574578639     
   3.9832542043921579        1.1251718934281885        2.5669101076698331     
   6.2098508695307562        3.2858504742451835        2.3209484915622918     
   2.8239628007110649        3.3276820326718020        4.3698872940212299     
   3.6645786343694082        3.5119643200575110        8.0480727501049447     
   4.5425777887429204       0.36550741152224497        15.181082786190801     
   4.3825933612777623        3.1195706853926022        8.6990441416372555     
   5.0649248988636204        6.2470758627553931        15.909790333440302     
   3.1485288547915062        3.6430148101431361        5.7796259416255014     
   2.6989410392306525        5.5399193273456540        17.952082391482936     
   5.4930468264770766        4.4897774719802523        2.3489975337103810     
   3.7716185615281774        4.4187103386066191        1.4516128731017077     
  0.39468113138408895        2.6243276559948177        10.945680983385701     
  0.54853334276764065        1.1992922375133481        16.782577467015077     
  0.20908309855850299       0.39331047406826791        10.087028549651661     
   3.5771279009968158        5.9828253119131611        12.288721831905825     
   5.1249007195076697        4.6999377630293040        15.392488551635809     
   5.1833332782284254        6.7306272875088222        3.3099561972695222     
  0.95606320235204389        1.7388440221313153        7.3334177403601490     
   3.8613922939369556       0.83292062677002443        13.150254454239281     
  0.71993313475811371        1.7855579037881799        1.8230866743517720     
   2.0357363551052381        1.6890997572793438        17.604123873746822     
   4.4813818889560686        2.4463439342857853        12.066982641823673     
   6.1779127986935292        1.8939725902044937        7.6401907956412796     
  0.52343351526599624        6.6695011921484939        7.2211557788677689     
   3.0663698880207817        1.7296882845216794        12.824294675605618     
  0.94351969952513859        4.8388064256528160        6.6300723220335316     
   2.7118515284125380        5.0827037082036997        11.372708266938609     
   2.2860989393092854       0.51048964810695063        11.512670672768314     
   5.9133493152538028        2.6036276965954830        17.574238551478700     
   4.3440585159475846        6.1505371306630989        13.500883778945067     
   5.1561108463671577        3.6102919348193616        1.2661828203740939     
   1.5306851548743352        3.1133664422632434        15.974645850260833     
   3.4182857732883507        2.9091168665329730        6.9112587343562479     
   5.3109781529964497        6.5939478827361482        13.857246492879087     
   6.0255199742553653       0.21080305843221733        2.6644889412676909     
   1.3894066764629374        4.1388464264364719        3.3656579455283411     
   6.1541802011767741        6.1312336436726422        6.0237009003536190     
   2.5362643734596095       0.93290245162995011        8.9655469062529196     
   5.3602496272605773        1.0983537278919935        13.857483715901173     
   6.1533744312182668        6.5227450667977243        3.8500383997626533     
   4.8232007884358286        4.8188901503452524        1.3303797644549766     
   6.1821190343591583        4.6468225202985014        18.585120602234568     
  0.55046793455443277        1.5850105048100722        5.8720074937789333     
   2.0702792484077088        1.7761603979020206        9.7197387339872101     
   4.6975203317697893        5.8603732407961333        1.5193240627116020     
   3.1392540289256865        6.6955399918396123        15.338162528034632     
   1.1325722793989128       0.78710611614607262        7.5990493686046401     
   2.5852426387390723        5.3170632940087508        15.428413528469969     
   3.4632267624195601        6.7427475501458707        13.014002948876257     
  0.62401180133254386        2.0543789462519308        16.191608692876866     
   1.7031518025684163        3.1762077016405739        1.8294824675698880     
   1.3029141299494760        5.8343388144925168        15.925324431337575     
   3.7237724291096668       0.66888457413056290        8.5394695362132467     
   2.4832422747401539        5.7489197775386227        1.9991127226028536     
   5.6462982877254930        5.9409121509971472        11.778408369864950     
   6.8752038726403377       0.77110730103944469        18.483993080276480     
   5.6156326617502001        4.9158947131338762        11.560768798725002     
   5.7402858234922492E-002  0.24015293154670614        11.258427329360922     
   3.2780843433364186        4.2223500433763981        16.427032397215065     
   4.4740921315959366        6.6964918671226883        2.1374849918793850     
  0.81436681844386949       0.61310463192174969        13.295407478981263     
  0.29725048559546952        2.4917460379360481        5.3127093518913542     
   2.7908501551789588        4.0857249296176859        12.907888605933252     
   4.4329064985662150        6.7566298212287448        12.273473689662300     
   5.8767765417366613        4.2931210236703086        16.060697257328236     
   4.3796854575733093        5.3038988090344720E-002   7.0688772028375251     
   6.4456685423642277        4.2593685108469703        5.9795366806505879     
   4.7339893646080373        4.4185784243719670        12.180150524757314     
   5.7270008627866158        1.8777264154009630        16.330972365482534     
   4.0844125638734994        2.1694669117376382        13.068866556990050     
   7.0248293032240667        5.4396495722220353        12.478371927936411     
   6.9021378163680014        4.1668754815311653        2.2319483164681255     
   5.7142624239426185        1.9686762966718430        18.613917160833797     
   1.9235825682396064        6.8691691808336870        9.5551080092223213     
   1.9930193191520109       0.54202046081486854        3.4453001576498039     
   4.6584183471202465        3.1436922700424126        16.254554878484583     
   5.8804172011236968        5.5695391630768114        1.3256856061976794     
   2.6186530665507415        2.2157354683610078        18.455264997174922     
   6.9191387209915725        3.1646981260611047        3.4065407458077046     
   1.8443310113792417       0.51037486262237663        16.898197674048042     
   2.7707167093460030        2.9683174235944065        13.414833926350628     
  0.36868682178128881        5.1295556473765203        11.299040639444742     
   3.3999303471389259        6.2043493311567799        11.249554281402624     
   4.9974374821759548       0.53513641471577000        2.6733395299595264     
   6.3073364998952597        1.8066422311653989E-002   15.173485392859696     
   5.3898111458797562        1.3503959714021467        4.8224652103012886     
  0.21243072708908284        4.1117735641754765        6.6671339728436614     
   5.8253852505989681        6.8148296167976818        6.7585499019604560     
   4.2308061815768054        3.5827895825079574        13.857361167794929     
   3.3856939432426172        6.0592967065262622        3.0414359369374968     
  0.32127221345137791        2.4370193147260744        4.2286378401969724     
   4.9632444630145063        3.7470040972027165        3.0089434695980195     
   1.5095479492602004        1.7994646812875044        6.2219713770058460     
   2.6873853004679109       0.46787878980951514        5.3990558007874112     
   2.1462497118320507        3.0877288421435116        12.391628157318799     
   1.2245269776794960        6.6036932365519299        16.952139963827221     
   2.7812266042783671        7.0621302238044432        8.5996221738117722     
   6.7746250509500321        3.3506201562076470        1.3234219386557962     
   7.0374425904124509        6.4244345557795217        6.3548749359283088     
   5.6540089984561224        3.1348819347413177        13.923508252376157     
   1.3714700303192682        6.1336564396581679        3.4134999567873749     
  0.89279895763144468       0.75555436088576711        1.5652485596011603     
  0.34015361659558857        2.7305506254172682        6.9150567410820578     
   1.6178741146362925        4.3554116273273573        4.3481462993873183     
   6.0924878519804375       0.31808288332811790        17.679939115275374     
   5.6891234379690303        1.2301909037679670        9.4612721960924215     
   2.2889343020339754        1.6682540672795496        11.622886656397354     
   5.0823310093043101        5.3859626854449205        13.338726078861356     
   1.6081703804137231        3.2887599312679479        4.2632406549026474     
   4.1420725081603260        4.1923911443690134        15.797443037582351     
   6.5752775651418629        5.5748388664925983        2.5009537641104793     
   6.2325047080787632        5.3010372593579644        14.846448028450927     
   1.5430445160871675       0.31596741657533078        8.5739004479747809     
   5.3991877085264992        7.0340632616261871        12.647755567250654     
   6.9060682344638442        2.6402791342080500        18.733487450217147     
   4.7006979111147560        3.8231915782360133        16.961128766835607     
   3.5389843207150431        3.1172454854012672        15.289421922507103     
  0.86094803224892580        5.9725513942124717        4.3704968016913943     
  0.75567928868402323        2.0927192509624022        14.648760383807488     
   2.0292097456484748       0.90968576881928098        15.318631010577993     
   6.5229475862615640        2.4194783764541312        1.4094221545199928     
   1.3092783555821690        5.3972282026425598        1.7840325670009460     
   3.6741685046067198        6.7642953699719122E-002   14.458570407841153     
   1.1385441081881675        6.9089614691987311        1.9173764512319884     
   3.4132212771621577        1.6021971477195451        16.447909466481192     
   1.2741779081512028        2.2265011382995521        12.187399291327697     
  0.46659192653775344        4.7429293572880137E-002   8.4294548506307407     
   1.1780268600537129        6.7624088278455128        5.0815290726617945     
   6.0046148225563805        2.1436538425254388        2.4698119760312256     
   2.6615619843938045        2.1294111265094058        16.758926703472262     
   6.9169571170561461        3.5344920823513202        14.107473251091646     
   6.6713072024763367        7.0198675461373918        7.4924488387039831     
   4.0878799287840737        1.3242352376052169        9.4455144161849187     
   2.4118968734819579        2.6607659294333041        15.603106770189502     
   5.8203002021783874        3.1692029919523010        5.9757637657516467     
   5.0024302681341002        3.2917191340379310        11.602463873580515     
   3.9581761554097588       0.85245017010756885        11.217861962101273     
   1.5295926882072159        2.5787377174493127        7.5178357760372236     
   2.1064400166320998        5.1349558719469064        3.0183137064957446     
   4.4098442345588946        4.1692246317450294        6.7848034637112127     
   6.6020984008473524        4.7052751646358670        10.964116729120290     
   7.0316065261778515        1.3573084187053288        15.511394279291313     
   3.5901322558136739        4.9293459513424622        11.150174778153339     
   6.0279171175135797        5.2344173259116067        12.328571645633176     
   4.5849719211208058        6.8525782035325546        8.0981389326270374     
   6.0045490218717585        1.8393057700734377        10.549118314598491     
  0.39846161495704135        5.0991710558996175        8.6739820124701552     
  0.78721386109975999       0.66740124307790161        14.492855662460995     
   6.8761553240635083        4.6020245197270899        14.270747118747382     
   6.9516845888136505        2.3370106418609438        15.166014480519300     
   5.5122126839942958        4.2400183966517044        13.078557163473638     
   3.0256393432082827        2.8201989742935694        3.0093684606507551     
  0.25021479575805172        7.0502280977353529        14.985090878617946     
   3.4946055653710673        4.1757574363584276        17.465721752273343     
   6.9181712099104278        2.4772393892705100        9.3940277020498328     
   2.3339733364163180E-002   4.9735322618554925        15.375671250765224     
   3.6423426530202327        5.7532619090965129        15.190768183596806     
   2.7835464293509795        3.8096381625123090        7.9092411394603772     
   5.5985845156629965        4.2604030806726305        17.357664222587815     
   3.2472749932276805        4.3447840548773931        14.522912916976285     
   3.1480598738526000       0.19099734362484391        12.253925208074024     
   3.6577607851111136        2.8545243746695967        12.838366506623053     
   5.0591923140537620        6.9644976492302400        11.389509633171659     
   3.1424758784140061       0.98031353639640451        15.438186777578938     
   6.2990722939714683        4.5304623078906685        9.0586384054509725     
   2.0592391017904315       0.51052552065968482        7.5830173973081125     
   1.5905292620939031        2.5148234580388680        3.4177244128914119     
   5.1097914237749755        2.4612462546455474        9.1966990101944290     
   6.6745898831584514        4.3813797813119173        3.2612699718494609     
   4.8909910297680455        6.5356823034680831        18.189180131296510     
   6.0569652867465749        2.9515132091190757        4.6200859031132122     
   5.6771369425463059        1.8299491295487587        3.7153802195671330     
   5.9963589190470978        5.6133072957225929        7.1430703630519696     
   4.2893401493401155        3.5985902374853609        5.6622618779669205     
   2.4716012765872390        6.8547769221129373        3.9068800630062959     
   3.7187869175852430       0.83120396798405971        1.4133106430755018     
   3.3348253844603324        2.4221031483546667        14.514390838929124     
   5.9796416791469698        2.5519975944374651        11.426746085139857     
   1.6426600199972101        2.3573947901949373        8.6123516982194683     
   3.0690152060622511        5.5710289063414233        13.084608720533579     
  0.21351380589840918        5.2828557513348793        6.0481382962827244     
   1.6764562847847575        4.9433776339989093        17.220141284158316     
   2.3843286231102847       0.31174350973206066        2.2680966268680609     
   3.3224896749544848        6.0824739096578408        8.8857683826993874     
   2.2361742699175844        4.4791312490740545        8.9016283329860251     
   4.0486708888897462        5.1859146360921233        13.043638302773020     
  0.24532905123383605        2.9880066660133249        2.2056761709720343     
   3.8700103250407394        3.9464538038629042        18.598194221325194     
   2.0872249202096627        4.4671964517509322        16.387673713654813     
  0.92550970381995601        3.4722885699878412        8.6616808184632976     
  0.45657841873822652        2.5011819371401485        1.2058142440163060     
   5.1759656777258067        3.5504535664348262        18.577303486016742     
   4.3643856343773750        4.8341575044296938        17.535567077325208     
   1.3811594408957208        3.6545598445722978        16.872529137859242     
   4.2948506637068862        4.3254067577615656        2.2698265026299955     
   3.7673509675965420        1.6798829953687509        18.556216243427585     
  0.98521836756302750        3.2300461477760991        2.8857209619044242     
   1.6293862085960837       0.88377958929944334        5.2953746691649028     
   2.0710143085451773        3.3150647893411063        6.0186813715893255     
  0.63073693661674046       0.46743046760741391        4.7236436980059135     
   6.9607605415860414        6.4706409311889530        3.0798930051161362     
   2.8251936839142138        1.3217300673744510        1.2388763392889284     
   1.2540823052848529        1.2631742323583366        11.764738106016571     
   3.1688045329223136       0.40815615688865381        3.2277243126887440     
   6.4887361600027411        5.7433356834256077        18.754670910499307     
   1.2679732744773180        6.1161776645036241        18.729421045383212     
   5.2837921416972957        5.6108586219735352        9.8383662988883920     
   1.4829358292890360        2.3109212544490250        18.437602154052581     
   3.3965861576856465E-002   2.3201658242385519        8.0498232000930248     
   5.1012364406339143        2.4536661076540365        10.533987364419255     
   4.3165587769216076        5.2142150106535272        4.2357053242675304     
   6.6224975727260675       0.73229834495565727        3.2575499545140372     
   4.6103665495304123        3.2371157705819207        10.129301948035659     
   5.2626256072389470        2.9448733773131055        3.5363511240069938     
   3.9351786078050357       0.51278051165093630        16.502593402772508     
   4.2369447295178357        6.2379610763404552        14.396643375504249     
   5.4485906826591970        3.8693758583805682        10.390970209037079     
   6.5486689995552156        2.6249815690902092        16.183146034751399     
  0.98893198534994853        4.2654243784702590        1.5580055445295504     
  0.89221976497889877        1.6175779730209272        3.5947546127190977     
  0.23819602227591943       0.13127819206461269        16.096100033578672     
   1.7576511118257665       0.34386654263903960        18.603889894063698     
  0.41400678444339090        3.5915455381522188        15.887632336070167     
   3.8778920972760744        5.0904957734611935        3.2794085599767193     
   5.4033831324878765        1.3935794044445804        7.1162521514725663     
   5.9591301226662061        6.6137648573766459        18.441897184596673     
  0.28454942448187831        6.0941187081299413        1.7540219347304802     
   4.1332192326024595        3.2235058467044215        2.2560033865070608     
   2.2306144425669645        6.4221523229907680        7.9818863291547872     
   2.2601681149188897        3.0659541605085519        16.704369555698154     
   1.5491990700984173        2.0353304610645666        16.605468198781484     
   1.7478434494088257        1.3171391162554107        18.557000937502089     
   3.5618289888785837        3.0021909788608214        4.9432756815057548     
   2.4543347273678835        1.4004476918530644        3.0083009788016071     
   6.2285741055049701        2.8339550899374721        7.7911823011318342     
   5.8755935124495124        1.7639092158952943        12.956252255115885     
   7.0595334583867722        6.9087820566342195        18.284651201799225     
   1.2802180923424171       0.83518223700758698        9.7266720072676538     
   3.5153053428201617        4.7197592750677551        7.8203870653508947     
   5.9459543778183628        4.0291504658322035        3.9210848516177643     
   5.0961733554232573       0.46599759014436681        1.4478356701555870     
   2.2506056666002947        6.5685674739733884        2.9191424592796369     
   1.9413517245713570       0.27843378989408474        13.819813685473713     
   4.3607509212205668       0.35996300678972687        3.4324563483607347     
   2.1257593577186875        3.6804001492143086        2.5869036858512535     
   5.5316354397979701        4.8630298041448228        8.2289887557366672     
   1.8431207478450746        1.5376244996507700        7.7973877540191436     
   5.5020173898927798        2.0317625547654328        15.138342309498054     
   2.8960835936874232        1.7288082182600355        10.366074333742606     
   2.4132677651078120        6.4005341455603206        18.755714083654180     
   4.5700265517872278        2.6238466192432464        14.182590154605252     
   6.9334589103792874        2.1959694587415086        12.422430604766486     
  0.53040746754669521        4.1476386896555777        17.285108176980643     
   5.9689193450180849        6.7365204204401135        1.2223904026966625     
   2.5555285128285488        5.6372234785689015        6.1583851067095505     
   6.4425187464944544        1.1895336102303058        4.2947554808739516     
   3.5754224112346975       0.95835744346593466        4.0128442906431721     
   2.7685799715540513        3.6688919322933748        6.6606001738769924     
   4.4998014059516462        1.4044796045826677        10.536117344792816     
   6.6737064651394133        5.7058588867892723        11.533198128328475     
   4.0522315841804923        4.0119476326492105        4.4759718754674074     
   1.5936141245938742        6.5725459785931708        7.2956964585994779     
   5.1658927981681027        3.7836422054289960        9.2634022679238868     
   3.5147172195005130        2.0405946425507699        2.6498712373179396     
   3.0502353446721857        1.1991029105470419        8.1337408564513414     
   2.9698592505051260        4.3403802765652006        3.2600898397290741     
   3.8501634413743844        2.4116175850446933        4.1611855340596744     
   3.5989338932912687        3.4398827127140170        10.395436942252596     
   1.3754342158371495        5.7716675792002565        5.8021317547549156     
   6.9220133357476143       0.27843932420758710        12.419526913300933     
  0.68848706924795500        2.7635248211043675        16.893259012188750     
  0.15345675260469102       0.25395497178476634        2.4090242234834518     
   1.7418651484736567        7.0288672279860673        10.736500780880336     
   4.7500253619579107        2.9169595673578446        6.7335497482310744     
   5.6346638582556992        3.2731597728700219        16.788211521798232     
  0.74664505679651672        3.1504472747079926        17.976042942982279     
   2.5318517511741345       0.89299033139283668        12.944903025331701     
   4.1434185879049830        6.5259065203970650        4.1500793815457415     
   7.1171072019995021E-002   6.7463363061659498        4.0768865561112344     
  0.63637493107342935        2.9691671619854070        11.996827802475650     
   4.1739709760133978        4.1607119720191594        8.9130464940612164     
   6.9381217352277700        1.6803731167951816        3.1457831598858981     
   6.0300275999036668        3.6817956711919346        11.205686686730523     
   4.9410593534551888        3.6776723934361057        4.1027675312869833     
   2.6815753156160897        1.8403510061643198        4.8451945739917273     
   6.8977581382648436       0.51033518495825436        17.164160153307577     
   4.1065275742529588        3.0679799566900137        18.105689316407052     
   6.9418052558252814        4.9329926098279815        17.137550842715370     
   1.0134922912925193        4.6753002498548222        9.8282794965756430     
   5.6016719559667045       0.39680506996941961        10.405894900645400     
   6.9892327139096482        1.2160589255047243        8.0553045257349947     
   3.2888447401648047        6.2603757191832132        6.7488143095235484     
   1.1451451649377267        1.3042598107384202        17.676647189349438     
   6.8082024195470137        6.3600369914377701        15.526585381828893     
   1.4363180382426268       0.69720418360274716        6.3347088034803258     
   4.1244516738234873        1.3439184335062364        15.583128963695758     
   6.3747760587042368        4.4468760046152846        12.106474970882561     
  0.36604107084718707        6.4331841364492508        9.7690899688463677     
   3.3556412226055201        3.8382764195556343        2.2932731332325864     
   6.5185844285736838        3.7139627365840777        17.653128377203970     
   4.9648443952411618        1.2283352233597971        12.856504063464909     
   3.4827232506016550        6.2949113746149470        16.580010754125500     
   2.8787382932017112       0.83784500592014832        13.967428403465213     
   5.1914697230382032        5.1608634871328167        16.934448650229427     
   2.4491220137249372        4.7453522064565803        1.3522410640542994     
   2.0957967227438385        3.2971146950983874        8.9216665022226156     
   6.9366086313375570        4.0380360243440272        12.872265617599879     
   3.2634677767469977        2.9241507136958083        17.072515137529006     
   4.1482610242828084        5.3949369465863777        16.352916093745570     
   2.6975165513463790        1.1161430295221062        17.945667882665933     
  0.20478309875282044        6.3802980314677891        16.858093664220078     
   2.2653261582935564        5.1095026445972787        14.546706447681444     
   6.7016379772555013        3.9273003570272818        14.959829094027889     
   3.8934786148786253        2.4496662695347129        16.107510439200325     
   3.2681630322099839        5.9944708593366620        14.309362779502653     
