  0.22745293093368907        1.1357902352224356      -0.18742266431805316     
  -1.2664496960297471       0.22223636459076712      -0.42680530883431234     
  -8.4301477216786685E-002   1.9614227831792399      -0.16160000437180566     
   1.4977461908724521        1.0901467936530234        1.3237946253707344     
   4.0451420245469216E-002  -2.0762230575438738        1.4026721040625827     
   1.0616586200355278        1.4818728227114437      -0.58045022243076383     
  0.50340411346427127       0.93783900043986423       -1.0714148597434507     
 -0.10078692017206972      -0.31617708718623705       0.72325375567531147     
   3.0590681231129135        1.3045126760793366       -4.1449419369020531E-002
   1.1973633451250820        2.6231951315622912       0.70268300776888681     
  -3.0079019064823296      -0.27957459647387550        2.1026526117414504     
  -1.1398494222841198       -1.2711363737041739       -1.8198075682831261     
 -0.67440452027219877        1.8006307084262194        4.9262375355374477     
   1.1974874948194638       -3.1062362556897516       -1.8701343493626383     
  -1.9098164959367399       -8.2274673599054757E-002 -0.62200869111504375     
 -0.22289744325334540       0.20762152995572264       0.80875004604717871     
  0.44521560866473858      -0.65169853683656154        1.5853748979392885     
  -1.6869425533082021        1.9874673490598209       -2.6631038292094567     
 -0.98404120129887951       -1.4307864182424701       -3.3092799068134107     
  -2.3127811585649161       0.69566254014778350       -2.9489131943288869     
 -0.77100817703349045       -2.7618046502063365      -0.30111262777443421     
  0.99664836333788842      -0.10615542431364666        1.0707385955819977     
 -0.47604768548941212      -0.98299249395164345       -1.4303561636093043     
 -0.60130659754258686       0.13492729716513191       0.15739748092317457     
  0.83145886630426813       -1.8097004029968851       -9.6986799969329560E-002
   1.5422205821918837        3.9268529679212363       0.12109671529045123     
   3.4543450367648245       -2.0825652805795487       -3.3940341322113037     
  -1.7596857882027457       -2.8072790916849106       -1.6639065835795015     
   1.0302546561416175       0.96547411019702545       -2.3840576380028353     
  0.30342872989746195        2.9432005485814625       -1.2530382608038413     
   1.3991057016648227       0.45343612860105897       -1.2142566592728523     
 -0.24738180742679619      -0.15125905847476037       0.68956269232662393     
  0.75517617755728861       0.35784160204117438       -3.6398550373603720     
 -0.43069061057443087       -2.0215613797302341      -0.87055112642070975     
  -2.5591726348596366       0.16726315099308914      -0.17139873818220405     
  0.66746747990189281       0.71380024103910400       0.34646199682704193     
   1.1037342258587259       -2.1516824709574722      -0.85152012627545859     
   2.0544852109984366      -0.58281584051416835      -0.30850281880145214     
  -1.6535524701820858       0.68879261252886248       -2.1289622096389080     
   1.1805204650975165       0.49313076970118985       0.26213353143982188     
 -0.56787455758999683       0.45107163406298650       0.40170852875099716     
   2.0271926175076107        1.5169197356082829       -1.4988018412101947     
  0.40996813945950794        5.7071845372415331E-002   1.8958981680120328     
   2.7656810694955611        3.5082557525485414       0.97767368727237414     
  0.70152412193328184        2.0290042805239179       0.15323590961105102     
   1.0570516105132599       -2.3959107062187246        3.5325144632084617     
 -0.68162759576771126       -1.4008145354979891       0.29417798363605047     
  0.79820849410151140      -0.33936359316054554       -1.3446450155703937     
   3.4825094442372517       -1.3125889562783180       -1.2322337574416116     
   2.1517562677110926      -0.44480492672135946       0.53022428316829273     
   1.8216846489066332        2.1470504727059656      -0.44916906049063993     
  0.37304145705348590       0.65314352117715557       -3.0742751427100599     
 -0.68116520605507724       0.24661801952516910       -1.6685614764743510     
   1.0316547676590209        1.3081217062593158      -0.32354553667565933     
  0.81523866786948473      -0.78221430989483731        2.1799145135168874     
   1.0884574918492875        1.0340635943747802      -0.62780826284328251     
  0.68677565428620535       -2.4853441736349535       -1.0084197072422150     
   1.2698073005724635       -1.1185358384819286        2.5600129271624632     
   1.2474700652129949      -0.26896146714323527        2.2434944727774684     
   3.5535810866175872      -0.32409329646698420        1.3655305896395891     
  -1.0373110363815965       -1.1186856422234528        1.1209410918664418     
  -1.9677930933179302      -0.43788617139491998      -0.39897768047802851     
   2.2268016251663512        1.2901523738450165       -1.2258586951293298     
  -1.2777712149758005        2.4496062065501364E-002   1.3055444713285977     
  -1.2784049796429344       -1.7544931731925604       0.92060620535873627     
   1.0121593594442297       0.14704617906043713       -1.7583324296544662     
 -0.83760190700155557      -0.22621210310466941      -0.46240441091305773     
  0.13153149951054199       0.83921260328169311       -1.6110771658278573     
   2.7350080415869247      -0.86900011523072518        1.7644127723795802     
   2.3213103229780785       -6.0831374072040680E-002   1.0714531407253944     
   7.8276575726634018E-002 -0.43018811695139481      -0.40906672914275211     
   3.4073803615966007E-002  -1.7371909656310107        3.0628704402211691     
   1.8447274827394831      -0.27183206082144329       0.53787532346808387     
  0.63405882252704782       0.56796327857851037        3.3427357754634444     
   3.4191779174285626E-002 -0.53302648978958522      -0.63549126091701502     
  -1.2722399302300216       0.33104253674085349        2.0573997626615745     
   1.9616603285886256       0.11465045146203509        1.0301880946099706     
   1.5041535220195179        2.6652216244764819      -0.76788974765241402     
  -1.9775597269070937      -0.31812218781543139       0.24922346822893868     
   1.1123910906093550      -0.22364598792435633       -1.0416453452978729     
   2.2200654859373659        1.2558346876390374       -1.6752773319003884     
  -1.0668992709700373      -0.89914878670443632        2.5753685286313193     
  -2.0944653638043298      -0.30000992604174836       0.31550859202525416     
   1.0141909697277707       -1.2482151597927573      -0.10271965952029069     
  0.37576320836079868      -0.43828226638649881      -0.20581574852178933     
  0.88675883560090496       0.16669779267251930       -2.9396137470956525     
   7.7106356499336892E-002  -1.3703113086352523        2.5005061339047018E-002
  0.49409340832455961       -1.3518408426646680      -0.38891491783460613     
   1.0425121859677875      -0.79179149309537056       0.58833787328812570     
  -1.2158390679196487       0.94752575361705060       -2.3856129408060984     
  0.41274374937851555      -0.24289278552002394      -0.85831270725227593     
  0.25693268770558841       0.16524810931910408       -2.5404988905913140     
 -0.10813302102387043      -0.78509832836899474       0.12562387942287268     
  0.72399922525135396       0.33406856961802794      -0.59649497844356714     
  -8.8933688301625555E-002 -0.16979580856790025        4.4881920902070924E-002
   2.0066302032728873      -0.43621932854724654      -0.85036578026679344     
   1.9796816228486005      -0.92679779536308005      -0.42623532960176130     
  -1.0350534847874751       0.90800701654417326       0.58772415239533993     
  -1.6794438314178894        2.0729853282000645       -1.5728499824628071     
  0.57780305270168697      -0.44217665453023997       -1.3522286768308007E-002
  0.29614617404554283       0.53977520012970148       0.24951748883895011     
  -3.7184945105753459E-002   1.0139518859314711        1.0152833036753361     
 -0.22758172652985589       -1.8601407202051243      -0.58849912636819268     
  -1.7636831349642395      -0.73849391867610847      -0.82426741987178531     
 -0.43131724133929483      -0.78598961691269975       -1.6250486801597290E-002
  -1.0667723630077084        1.7922037482210729       -1.1074469318008715     
   2.6093815189262668       -3.6332085978164819       -2.8592650752108351     
  0.74914162152732378       0.90229078683876496       0.29616712828893049     
  -1.2636420616113535       0.98507246778976199        1.1891131547132863     
   1.0852599139251728       -2.3718948741146280      -0.61064930339840640     
 -0.64486788156586383       0.98432673243915336      -0.29180113507425109     
   1.3647886566035756        3.4267938742406541        3.4341703531105954     
  -1.3903137424818794       0.76188836341777233       -2.3662154078770175     
  0.61527766144199203       0.87479722133167848        2.3861152480498187     
  -1.9111467244977591      -0.52924944696471043        3.1594819819239697     
   1.8355565100605093        7.5821897799521393E-002  0.12656628318368604     
   3.6337908221863215        1.7649956368892150      -0.50358015814007873     
   1.1136944480719895        1.5892226452284772        2.0179978298790608     
   1.4405751283109078       -1.4228366753000363        1.4220620955784411     
   1.4937907338097465       0.88856163233213592       0.48589652266050176     
  0.49485066247747367      -0.29135741315701802        1.9324322037400141     
   2.6416020584733011      -0.71115300102625634       -1.5413231121156139     
  -1.8671110422046793       0.68824981959634224        3.7860098490849277     
 -0.31033417330547036      -0.85330270177402501      -0.94798531976877964     
  -3.1515120382991491       0.24549692294144582        1.2069853558207102     
 -0.42763509838619224        2.2790424532697924       -2.4494059219231556     
 -0.90807121506187571        2.4342948116792775       0.49165695064545806     
 -0.50960910645656499        1.7303290607582325       0.93433404202665249     
   1.0556420984142079        1.6999285656180581        1.2858371573716707     
   2.2047459479004110      -0.27715485224517183       0.66995592024091033     
 -0.75009251123855991      -0.99403621768882622      -0.59296127341912563     
   3.5701511370252836        2.5324446686254514       0.90103914285476916     
   1.3460398069672459      -0.38888289484275962      -0.75049464613560513     
  0.22994761237775577       0.23295198562554101        1.0038025041448322     
   2.3917134608730817       -1.7720516433669258      -0.18464560371295080     
  0.41203083072637975        1.1107968468624769      -0.80306125580274179     
   1.2148189219398136      -0.47835367245061644      -0.23561249470328519     
   2.0417203815166998        1.3905390084923919       -3.2493235121503132     
   2.3871916620379880      -0.54964676557939807       0.53519112579230743     
 -0.43726748169302188       0.17640404633020423      -0.54954363704254250     
   6.2412331067771720E-002  0.44333543723247298       0.67611051002492084     
   3.4945990464080796      -0.26336772291697813        1.3699903912101332     
  -1.7394209467181947       -1.9729167505698473      -0.91494607928916638     
  -1.0870605918452072       0.47124615006529091      -0.97755874912488361     
  -1.4373587425244683       0.24510566500175071      -0.53876289987969894     
  0.88946200578450163       0.72954294839936318        8.0391438565551879E-002
 -0.66340349114463548       0.26993142049977303        2.1229453827971634     
   1.8130718845538021      -0.87141732569767127       -2.4554200207561130     
   3.0043658901243742       0.63468520172917386       0.39852688457179419     
  0.16408636061767679       0.14406262589140895       -1.6482175744638272     
  -2.1246935841426349       -1.0994936659861796       0.86213085980630122     
   1.1332552405090182       -6.6639634171381523E-003  -1.3414876968548053     
 -0.85114032534269368       -3.7083556610639010       -1.1704780529146726     
  0.62133186117634143       -2.3133005140671785        3.3928975926672575     
  -2.3420277226555051        2.0654217441808131       -2.9324456639625649     
  -1.5494840994682850       -2.3262730612647267        1.4035615253116029     
   1.2660417667559587       -2.5892250472277583E-003  0.77739281772407887     
 -0.97743775902264496       -1.0789354691383035      -0.85593505925461533     
  0.66894465326568631        1.8443053209360405       0.53661124703435592     
  0.76638002148968076       0.67496693730227664        1.1426192565524478     
  0.88542666741665554       -1.8766391330580041       0.83949373620336243     
  0.94930046222475473       0.14644341927607082      -0.53800807782007787     
 -0.44669687858685631       0.63779400101804196       -1.6898228868675851     
  -2.6532206751590568        1.0593951834836466       -7.9609700182158114E-002
  0.41672356563163149      -0.58119146717401338        2.4223152760497135     
  -1.5087514693557897        1.8627034975384265       -1.4252050342626301     
   2.5137573622907627       0.82478305497191173        2.5182108627642465     
   2.6255725037187569        2.1907007967710088       -1.1505027588525003     
  -1.0787719693894888       -1.6884292847997986      -0.40384479649977695     
 -0.63866701930025205       0.13505589005359223        1.3076182342252978     
  0.64578985753018736       -6.7084469459883986E-002 -0.16121122580698485     
   1.6809595124034045       0.31768366297993117       -2.3604157547198179     
  -1.0362449341575901      -0.10921467362504314        2.6679281007721634     
 -0.79820251348866511        1.9789244089507441        1.3256591173599399     
  -1.5332598531706931      -0.74300116323458365       -2.8466822536085812     
 -0.56707933453350967        2.4630852981895619        1.4701021680127506     
  -1.9739814326699645        2.0923079672330869       -2.1137473569220622     
   1.5044187098362474       -1.6538537331713654        1.5916463201236364     
   1.7094255789798944        1.3601267660248542       0.61841137424180415     
  -3.0152532399996739       0.57589773176606474       -2.4128158569291944     
 -0.73720500779179443       0.50083252384282850       -1.4869326222984074     
   3.1131680278486518       -2.0303046005895204        1.2701502791341974     
  -8.3604514570968569E-002  -6.6374284087800842E-002  -2.1725311446454940     
   1.6266404999007666        1.9893808345731541       -1.7231466140502700     
  0.21663671851540472       0.72498197634452122      -0.99930851331971804     
   1.8298921751547592       0.53914349492441260       0.34332783983791693     
   1.9482692611707348        1.3067208974368250      -0.38527042169816100     
  -1.9428744800005491      -0.10266196708917792       0.39805871458493303     
  0.68682874701756724       -1.1708776795751283      -0.30289245290611461     
   3.2203800200787196      -0.63822948499571308        1.7616916914995693     
  0.99275547197963609       -4.8162732861674113       -1.2975794427655511     
  0.79650441518071124       -1.0757317393803862       0.26088326424787062     
   1.2191643503959477      -0.43752134023191680       -2.9567299034763064     
  -2.2685263649047114       -1.0044861916809280      -0.68905607838754357     
 -0.48008936581276257      -0.57214046358840942      -0.40119049405637064     
 -0.79553942133978550       0.50061800316528671       -1.5332334535121435     
 -0.70259049084538805        1.1525023023873693      -0.14155401712162435     
 -0.11338276486364347        1.1310610830412200       -1.7553598185947052     
   2.6547118798896094       -2.4669086195528807       0.25773832015102005     
 -0.94190089102946561       -1.3174750325164282       -1.3349126844513077     
   2.5459805560010418      -0.15778869378716456       0.40027816497925223     
 -0.52012580289074561       0.36107758008904128        1.1585446857049153     
   1.1854282158685090       0.77996706650440639       0.22169056581905874     
   5.6340135692968467E-002 -0.49049257467594193       0.61501654843139641     
 -0.20502235218581913       -2.5569738378503897       0.42031906195645424     
  0.15797687892974141       -1.0819370328224625      -0.65432289872920690     
  -1.8314081365619607E-002  0.73923464323029298       0.77360437060890053     
 -0.40003507921580700       -3.8255971006072200        1.6000856970169108     
  -4.8468167037621114E-002  0.48073146675472078       0.67829523817483517     
  0.96284883818300804        1.2183793895546480        1.1234752347732602     
 -0.10171650489308136        2.7211882902514368        1.7880245023815173     
   1.0635864811713649      -0.72161924344379769        1.0486651425684859     
 -0.67806165354048165      -0.26888053970678388       -2.0407458754770436     
  -1.0344582317461699        1.3262985741512958      -0.34115923007231491     
  -1.3362071302176086       0.23299745644941852       -9.7655127588361521E-002
   1.2140975172770556       0.69229601215794079       0.19825427981236937     
  0.47673054694134709       -1.8498235108194190       -1.8671511085279402     
 -0.13131670623306854       -1.2080680247655518       0.47434903449921834     
 -0.22657326800752361       0.56640184942121707       -1.7009025519881871     
 -0.54485703574248578        1.0883755224885945       0.91800967473316630     
 -0.46968882562366582        1.6518840642743449        1.6490187162589658     
  0.83799016689987227       -1.4052696307212234       0.51715954669295117     
   1.4778710927979157        1.8151900332814406        1.5826720155533238     
  0.87617837989665925        1.4277973963721935      -0.27941729118456415     
  -2.9737106906752482       0.60371749972864874        2.8290092084011103     
   1.3594667556922526      -0.41605666809279118       -7.5092029858329660E-003
  -1.3599481233928901       0.42545813927120596       0.65478764521547694     
  -1.2098592018585170       0.29352147648004695        3.6684497053063606E-002
  -1.2193797961727605E-002 -0.65194617001592614       0.75468984980599596     
   1.5364231573082154        1.7746445014199339        1.8112663267116078     
   1.6880345478533585      -0.11588476703176087        2.5654051862737237     
 -0.18872440773564389      -0.17176615283752095       -2.0553635472650340     
 -0.29457028625699166        1.5803378567385349        3.7247611939709127     
  -1.2756735690304424        2.8855523593202630       -1.2387946446860334     
   1.3235261069317439       -1.1916226838922608       0.40530168642426628     
   1.2984676037380396      -0.85392648529296833      -0.30745769981317805     
   1.8105379891998752       0.16679275245579700       0.57701384762985841     
  0.33635528284272354      -0.33596696689540778       -1.5942954782871970     
 -0.19746268103179035      -0.22600645458677179      -0.41783266332042041     
 -0.27738911116181614       -1.8625890734695147        1.1593810745368254     
  0.12296816208725583       0.67364097699444303        1.4301083769032403     
  -1.8458071940858076       0.74362051163731513        2.0891402929963125     
  -1.0908573965576565        2.6738906721561870E-003 -0.47698434251987437     
  0.91854057814434631       0.99633914774275523       0.24524480631977205     
  -1.1431799388056449        1.0296287059649745       0.57995390099473054     
   2.2268655899261538      -0.59588276361041026       0.93790696208178936     
  0.75681319368669953      -0.25241508240103816       0.62943651544301649     
  0.60154063717254425        1.8669896593260793      -0.60813578958583148     
   1.3876106559481571       -3.2085707292666203      -0.41566192278800956     
  0.88869929195965858       -2.2150674200973359      -0.91233062598110837     
  0.65880582335874183      -0.72080076864983544        2.4492101446156127     
 -0.92779898142285988       -1.3859898036112839        1.4930171460877664     
  0.41603916301609567      -0.94000530604026067        1.7639551603841046     
 -0.47455463484693411        1.8632460655402201       0.17997548834325633     
  0.75363664898352967       -1.8898291022764653      -0.10407602208512985     
 -0.21795176153101128        1.4472669132107843        1.1417297132602253     
   1.3865957542358938       0.43195418794907464       -1.2790986783281160     
   1.5971430333616130        2.3904241224737905      -0.79412982470141480     
 -0.25985601119351126        1.2554957203836956      -0.19913886941325348     
  -1.1516009221300989       -1.0347098937662411       -3.8067583901343487     
  -1.9307400957763128      -0.48194666102204503       0.27567109705915871     
  0.92611336030735569       0.26226845402132815       -2.2867603681422617     
  0.75934370019836062       -1.2842759101478709       0.32412637098780361     
 -0.93053278527977767       0.72057792783434982       -9.0688762362700293E-002
  0.87190280167682410       -1.8991312277223438       -2.0060469165506065     
   1.0560704883244896       0.56342157143095173       0.59030542239195460     
 -0.73964034834550152       0.28645893945060630      -0.85853279706963359     
  0.65312313858883064       0.35330444551912077       0.64040539785384332     
   1.1246873562530069        2.2799891948102116       0.78759711618752304     
  0.78593352042946774       0.41763057746605542       0.34435653918377251     
 -0.95251364490650303      -0.47444128472387009      -0.81190933012228117     
   2.6416904061060222       0.48581229208928811       -1.2178376686076275     
   2.1864631394613241       -1.5663286881600276      -0.96489948867191355     
  0.17329705537557949      -0.19883544193961483        1.1354188622363817     
  0.51829300024527691       0.61546985820978584        1.1830906898293638     
 -0.80715966710204190        7.1589408748987129E-002  0.49332834332573228     
  -1.1348412239931698       -2.0706048479452890       0.99447141670648775     
  -9.2787093754788330E-002  0.66603765838798934       -1.2678761638903215     
   2.3443018491279367E-002 -0.45237920263753767       0.36196988288205884     
 -0.93902117833892174       -1.0812818645614644       -2.0515958046120817     
   2.3788436595265372       -1.1792275508827579        1.5200694575094917     
  0.16377632601505090        1.4319159808296900       0.15294589324471267     
  -1.0850565361552971      -0.80789620607436730       0.16798097541708942     
  -1.7779315396326749       -1.2070155494746719       0.65655248216524587     
  -1.0937002774506404        8.6184559991918513E-002  0.21667928444719772     
  0.77193449159655281      -0.31906722957091788       0.48050895689374395     
 -0.36265032066131964      -0.49123801874742140       -1.9773601875965852     
   6.3638086033426050E-002   4.5170523838670400       -1.2239449293734754     
  -1.6997700607601782      -0.18838550339740859        1.0973998453730311     
  -5.5547790265422024E-002   1.5220038861905183       0.26158005321834737     
  0.33519583919871465       0.75487838098274540      -0.63736296908502799     
  0.79716826054640633      -0.14502471751835574       0.49153343971432562     
 -0.62702328145446085       -6.5202386032041704E-002  -1.2282679996886305     
  -1.0909611910090211       0.60183594227165760        1.6703412058746452     
  0.57051533731197124        1.1987868014316767       -1.1137166120602966     
  0.83912349819516485       0.56044364196593799       -9.3087945816547113E-002
  -7.1736288840476184E-002 -0.51675327483617939       0.14885876464611122     
   1.3681813377613261        1.0591410612523102       0.18935853356909602     
  -5.1702842449222561E-002 -0.10094596082398741       0.26472893759521743     
   2.1238273362857694       -4.4650822962459423E-003   2.4429672073514879     
   1.2123687646923378       0.24441102751060653        1.3151837279622400     
  -1.5689631656615779        1.3346802392833386        1.7714448975650809     
   3.1674654481415985        1.6797290033677859      -0.83002066143415698     
  0.38448023528638786        1.1991387997854075       0.51279246505039344     
  0.70051540306154614       -1.0536408843868459       0.51371523847178957     
   1.0717311442083248       0.66586511952045790      -0.80144587404225853     
  -1.6582404406398552       0.46025987005052255       0.92996695318719069     
   1.7938351943571942      -0.89344634004418799       0.68470889241797639     
  0.15908762096714310       0.20699209582536390       0.25353142630883685     
  0.82746464172857170        6.5125997694622739E-002  -1.8123965965308022     
  0.22725999809982766       0.16375919930781496        1.4602595987341156     
  -1.4689573369708859      -0.39073130379887622        4.1443672650236511E-002
  -1.4936617964135963       0.63988840835958327       0.52926191965131208     
 -0.96978572524180118      -0.59908016278489851       0.54878965265744384     
   1.3543852865100594E-002   1.8592444457143167       0.24674599057250909     
  0.24021440497382238      -0.26170226394102664       -1.2620085378130448     
   6.5499433983969194E-002  -2.1935521551019836      -0.47291671875058305     
   2.8082037163404023       0.53702664792536392      -0.13900735087059177     
 -0.28297131753247318      -0.69661839299958594       -1.5398311036121541     
   1.5563824663871590      -0.89444205888695760       -2.5868409570238140     
   2.5410573206982865      -0.36444176821081603        1.7976893728685408     
  0.29609376347750632      -0.16602880104717818        1.0365142581514786     
  -1.1979258242645221       0.44580433635989047        1.0139245179117555     
   2.1318521313705694       -1.4746112379386289       -8.2637378608176729E-002
  0.13539775086985401       0.51355359015723645      -0.30212521483604166     
 -0.66694147674936111       0.81394662656677430      -0.46757663085856327     
 -0.95111058197400578      -0.48233312217966651       0.83070524750804697     
   1.9052849962806397E-002 -0.50336494984351388      -0.35434690071309272     
 -0.99190322769204220       0.82319946812831046       -1.3251998506121425     
  -1.2856912257856845      -0.92607170974922048       0.86634504714925564     
  0.11835568333972034       -1.5856404631125189        2.5035503834999813     
   2.8459698180313620       0.96091046523310319       -2.6258654921291309     
  0.54895678556640737      -0.85604489341835455        1.0546444824839420     
   2.8709940429437806      -0.81723084198772789       -1.6209402798912012     
 -0.88944196758557270      -0.48644376340988360       -1.4593082152213583     
  -1.8819286131178994       0.47294632229301781       -8.4552319181430566E-002
   1.3089037534576777       -1.2044161002319940      -0.91159260080367988     
  -2.6953224488866501       0.35769018617769366       0.89831501587273677     
 -0.50987390655650677      -0.29150761313015611      -0.39353833194530174     
  -1.2342172109211358        2.5469835262992420        5.6434264819951549E-002
  0.54033230868978754      -0.61727578788185367       -1.5633355577572623     
   1.3373833409236908      -0.81225657015883446      -0.54749356103169999     
  0.31024460342287002      -0.38641344557658264       -1.1167186786620835     
 -0.62797001408896880       0.18946621603219863        1.3809313835981736     
  -8.9732648897420428E-002 -0.19764536921118855       0.14579057917326654     
 -0.98184859002757519      -0.43555710063043507      -0.26845678077082397     
  0.57111499791062259       -1.3300620009731938        1.1987690149756285     
   8.1085937997661377E-003  0.82519297080638465        1.0817176409468225     
 -0.56631417172061671       -8.2240179852999987E-002  0.88033174354272281     
  -1.2970866794298983       -3.3731880365283309       0.57387949668343330     
   7.9537607828212301E-002 -0.30611970698171487       -4.8872788774011302E-003
   1.6760582771264647      -0.51301642227784294       0.57963727494019779     
   1.0775399957435008      -0.26576991136433503       -2.2992762038954764     
   1.5770174019607361       0.13881456685149071       -1.7779778784062059     
   1.5279255133603005       0.79117622429466272      -0.73831074752325832     
  0.24923077887725309        1.1665700127927803        1.2974866447248119     
  0.13651771153455536       0.55278853881225742       0.89321148340020995     
  -1.1380020957863910       -1.7278110822862058      -0.82138395839301592     
 -0.65044827693891349       -1.1173371260803422       0.47872602583709201     
 -0.94647454648834928        1.1223110665617049       -1.1445820404933293     
 -0.29946403419145373      -0.54773887319984782       -1.8931803890727112     
 -0.46322623521962347       -1.2617239829397262       -1.4941003153339805     
   2.0917966318878647       0.33589919523676082       -1.3853191864598591     
   1.6367923838388627      -0.40922752272750856        1.1670419758478321     
  -9.9395099393443501E-002 -0.61730025696259871      -0.25608013679926567     
   1.6422781556217680        1.8684347200722355      -0.29267477943644077     
 -0.58456239613222616       -2.0209003182733096       0.38512382078620944     
 -0.15226732454434833      -0.76026349696757856        1.1647845984251690     
  0.47791607182336449        1.6350888761662383      -0.99389018817370056     
  -1.8518154141115315       0.53659088183411496      -0.38670060824074587     
   1.3757801496854765      -0.21672538389396320       -1.0088292104142551     
 -0.33461172028953190      -0.55240569049579658       -2.1233782660275673     
 -0.92435988445389783       0.92601317094676372        1.5418208777900821     
 -0.88993786047768431       -1.9543198571626748       0.58440427675453144     
 -0.43434736784564171      -0.71696235820679688      -0.45962319249052774     
 -0.74897779888648630      -0.13120535255795593       -1.3548481083828421     
 -0.13079066244484405        1.4896510695308185       -1.6377027587552149     
 -0.10786958230623421       0.77649475750742747      -0.12990780250389350     
   1.1232001150455473        1.2634368065656849       0.43619441420260674     
  -1.9961992156709312        1.8778959096563332       0.90746140627315686     
  0.29570431864924002        1.1541324387750576        1.7284591881559788     
 -0.76691532044432675      -0.51968040613549971        1.3050875823841539     
   2.8655353045904914        2.3571996780443834       -7.8532606040637443E-003
  0.26791050879576128      -0.66244307990758877        1.0928292229600121     
   1.8208140002683075        1.8231583198632351       -1.3963414732351485     
  -1.7695180227069505      -0.17934043833749716        2.1115927161149952     
 -0.75864036722679618       -1.0552982365438075       -1.4087872035496400     
   1.2847593954430072       0.96099118742814016       0.50723813995280764     
  -1.9782004778519697        1.0312912086464665       0.19850135627879095     
  0.80961925974273408        1.4448722309432831        1.4744379877734042     
 -0.71563114264868843       0.64698792293000618       -1.2172933116542615     
   3.4447974638955525       0.29688695839995849       -2.8757603643284591     
  0.67746470074010845       0.66449605195152939      -0.18360276814267168     
  -5.0761284784330805E-003   2.5108662111771596E-002  0.49180998689833372     
 -0.37496319206086437      -0.51767442058699664      -0.74686926167215173     
  -1.9338819520565762       0.31696868413831725       0.40726571948462975     
  0.45201721340840550      -0.10794612891524176       -1.4596887408066677     
 -0.45857873063173454        1.0051854550445571        1.2869088354431835     
  -1.0868688005923766       0.38717010748619723       -1.1939975982510651E-002
  0.69291089632708691       0.21296693408836126      -0.61122322539563845     
