       0.0800000       0.0000000       0.0000000
       0.2400000       0.0000000       0.0000000
       0.4000000       0.0000000       0.0000000
       0.5600000       0.0000000       0.0000000
       0.7200000       0.0000000       0.0000000
       0.8800000       0.0000000       0.0000000
       1.0400000       0.0000000       0.0000000
       1.2000000       0.0500000       0.0000000
       1.3600000       0.1000000       0.0750000
       1.5200000       0.1000000       0.1250000
       1.6800000       0.0750000       0.1000000
       1.8400000       0.1250000       0.1000000
       2.0000000       0.0750000       0.1000000
       2.1600000       0.1250000       0.1000000
       2.3200000       0.1250000       0.1500000
       2.4800000       0.2000000       0.1000000
       2.6400000       0.2250000       0.2500000
       2.8000000       0.0750000       0.1750000
       2.9600000       0.2250000       0.0750000
       3.1200000       0.1250000       0.1750000
       3.2800000       0.1500000       0.1500000
       3.4400000       0.2250000       0.2250000
       3.6000000       0.2500000       0.1750000
       3.7600000       0.1250000       0.2500000
       3.9200000       0.1500000       0.1750000
       4.0800000       0.2750000       0.0750000
       4.2400000       0.2000000       0.2500000
       4.4000000       0.2000000       0.2250000
       4.5600000       0.1750000       0.2000000
       4.7200000       0.1750000       0.1750000
       4.8800000       0.1000000       0.1250000
       5.0400000       0.2750000       0.2000000
       5.2000000       0.2250000       0.1500000
       5.3600000       0.1000000       0.1250000
       5.5200000       0.0500000       0.2500000
       5.6800000       0.1500000       0.1750000
       5.8400000       0.1250000       0.0500000
       6.0000000       0.2000000       0.0250000
       6.1600000       0.0500000       0.1250000
       6.3200000       0.0500000       0.1250000
       6.4800000       0.1000000       0.1250000
       6.6400000       0.0000000       0.0500000
       6.8000000       0.0250000       0.0500000
       6.9600000       0.0000000       0.0000000
       7.1200000       0.0000000       0.0000000
       7.2800000       0.0000000       0.0000000
       7.4400000       0.0000000       0.0000000
       7.6000000       0.0000000       0.0000000
       7.7600000       0.0000000       0.0000000
       7.9200000       0.0000000       0.0000000
