       0.1581139       0.0000000       0.0250000
       0.4743416       0.0000000       0.0250000
       0.7905694       0.0250000       0.0250000
       1.1067972       0.0000000       0.0250000
       1.4230249       0.0250000       0.0250000
       1.7392527       0.0250000       0.0000000
       2.0554805       0.0250000       0.0250000
       2.3717082       0.0750000       0.0000000
       2.6879360       0.1250000       0.0000000
       3.0041638       0.1250000       0.0000000
       3.3203915       0.0750000       0.0000000
       3.6366193       0.1250000       0.0000000
       3.9528470       0.1000000       0.0000000
       4.2690748       0.1500000       0.0000000
       4.5853026       0.1500000       0.0000000
       4.9015303       0.2250000       0.0000000
       5.2177581       0.2500000       0.0000000
       5.5339859       0.1000000       0.0000000
       5.8502136       0.2500000       0.0000000
       6.1664414       0.1500000       0.0000000
       6.4826692       0.1500000       0.0000000
       6.7988969       0.2250000       0.0000000
       7.1151247       0.2750000       0.0000000
       7.4313524       0.1250000       0.0000000
       7.7475802       0.1750000       0.0000000
       8.0638080       0.2750000       0.0000000
       8.3800357       0.2250000       0.0000000
       8.6962635       0.2250000       0.0000000
       9.0124913       0.1000000       0.0000000
       9.3287190       0.2000000       0.0000000
       9.6449468       0.1250000       0.0500000
       9.9611746       0.0000000       0.2250000
      10.2774023       0.1000000       0.1750000
      10.5936301       0.1250000       0.1500000
      10.9098578       0.0000000       0.2750000
      11.2260856       0.0000000       0.1750000
      11.5423134       0.0000000       0.0250000
      11.8585411       0.0000000       0.0500000
      12.1747689       0.0000000       0.1250000
      12.4909967       0.0000000       0.1500000
      12.8072244       0.0000000       0.1500000
      13.1234522       0.0000000       0.0750000
      13.4396800       0.0000000       0.0750000
      13.7559077       0.0000000       0.0250000
      14.0721355       0.0000000       0.0250000
      14.3883632       0.0000000       0.0250000
      14.7045910       0.0000000       0.0250000
      15.0208188       0.0000000       0.0250000
      15.3370465       0.0000000       0.0250000
      15.6532743       0.0000000       0.0250000
