   5.5238980471551820        9.6565998220043490        3.9647511095844972     
   5.0776060014906719        2.7435155886463414        2.2179180464230912     
   4.5835621638309263        3.5862616293531775        4.1583472349376533     
   4.6134995772593674        3.6133188377303322        3.1073131852152902     
   7.5235978462005386        7.5477505688344797        1.5281048144359008     
   4.9063907608325197        9.5015921838203017        2.6666139147004548     
   4.7437840439626777        7.4498246766822787        1.4278725052071839     
   2.7473618003445752        7.5450465675717959        3.5981636489788666     
   8.5674542452042406        8.3227964101024039        5.1106617531826988     
   4.0847708458896710        6.3926241038020004        5.0729257832728720     
   4.1206465228361004        9.1824296032642998        4.8472097307190474     
   4.5922863021807112        3.6295669624475653        2.1192867293934778     
   9.2105616824147898        4.5612545630685117        4.8381165822938375     
   1.7371401833585991        5.3650423346249152        5.1550864176636528     
   7.4573930391026009        7.5780595365059575        2.5781513216278045     
   7.9233360194416642        8.6161039733037406        3.9941915602577405     
   6.5787246755697648        8.2411924669746615        5.3508713320615788     
   7.1332432481118957        8.5424483145577845        3.2805051112801729     
   8.3144687272098619        9.2226514539626248        2.4280292775485970     
   5.5222341348843464        6.1424702067004402        4.9903971163026482     
   7.5784736697555610        9.5989980303524156        3.1762726949001960     
   1.5166398121731732        4.2951073566956959        3.4512377629902566     
   6.9878926723087718        6.7274078794471643        2.3199396282861291     
   2.9355807541947829        5.0066029986522196        5.0497162506782312     
   5.8339187389671832        6.6575946355199491        4.0441021934837948     
   5.6504562534704990        8.1808439356680918        1.9151299933762627     
   1.6025666368053881        6.4544297417452592        2.0543627726590388     
   2.8135317647115925        3.0184887918509622        2.9236758158892378     
   6.6405090102669320        7.2736633215880930        4.7364083369143524     
   6.5285317458225824        10.576102842234558        3.8965083045572810     
   8.6872703697350815        6.4491550207028165        4.1201834274832425     
   5.3669246551466996        2.8381387762137313        3.1893049198033849     
   2.2263907348784406        8.4263911585002305        2.6384065598717550     
   7.9534766978513156        3.9491009893790552        4.5833578836653874     
   6.8167888297081101        7.5506708749434797        6.1335877884463610     
   9.1605620031995034        4.2066459777088259        3.6974073859805041     
   4.8047456340711552        5.3168565214627250        5.0292027716148908     
   7.2572564631556400        4.7632164692865384        2.6512491483311491     
   5.6228551828202420        7.6793159860754736        4.4708592028636200     
   5.0228441305720386        6.7073750904390677        3.2837411269931986     
   3.3690781270707970        4.3334629523849815        6.0188573442591338     
   6.5323369790947226        4.1870622132029300        2.1218466926890920     
   4.6804729684318556        8.3169435263052094        4.6439710156260574     
   3.2738992960387669        7.3190785239057741        2.4859367029179658     
   2.0813569213165728        7.0750156544883263        2.9191420462483384     
   3.1573254828197803        6.0175777676136866        5.7560930475307632     
   8.7360506921732615        5.9638822262590496        5.0809579886011864     
   4.0166575903341188        4.4106227181542392        1.5210430022152279     
   4.0281647228048207        5.3751354906567022        5.9619009603619206     
   5.6868136281223496        5.0755170396189682        4.4001643349606416     
   6.0535848236555694        8.6739896901326166        3.0745895702515926     
   9.3217264326293190        5.4058287275742467        3.8764723264010050     
   5.8053147330606976        5.8731198018903097        5.9637202089334380     
   5.0044947044901056        5.8718732191492702        4.1406538234875185     
   5.8546303254259326        5.2545989601831984        2.4571067693562392     
   3.8554656675930272        6.0051998666454622        4.0069226026228248     
   2.2087741163445704        4.8114610704368310        4.1840762791034045     
   4.4375242640274335        8.9610928984749414        3.7706009623925096     
   8.1969013618429347        5.0107524454446200        4.3498061097267007     
   3.1656374340882110        5.1983110571681044        3.8394888748130920     
   2.5763489527135830        6.1090124937298764        2.4425276276330328     
   7.3853361069491452        6.8767704291809064        5.4918481133693371     
   7.9231846946017059        5.9647371557227125        1.2786371096903337     
  0.68205743932662932        6.5423936380253247        4.4701187280117018     
   4.2755921747850207        6.8489836248980351        2.3992803677835526     
   2.6400429019076439        6.9141931426582124        5.4794697907049539     
   2.9374728002600943        7.3486124400893260        6.5773233078448836     
   7.0587414583483099        4.0922808835726583        5.4449339681946292     
   4.8320745735152304        5.5962366986475951        1.5872584653733077     
   2.7823962664811073        3.8369678921472525        5.2664538900332207     
   2.0388229712068626        6.3246108743628362        6.0043010713350071     
   6.5427731480437092        3.6377798732862709        3.0865104369967535     
   7.3766919897849696        8.5231135191878575        6.0479004048313980     
   4.6398663153297957        7.9300786522048545        3.6443679110701259     
   3.3341008286808758        6.8897237892259362        4.3492334005896467     
   1.9828737782301480        7.9703816051782717        5.8289549646024774     
   6.3611984394568504        4.6333776080460032        3.3828196773189934     
   6.5053633276972294        9.8486635444329718        2.8627540994972485     
   8.8382009687930942        5.4939744802447077        2.2537978143168327     
   4.3240155510561857        4.3287796201040170        5.4347897094976796     
   6.5765853401256456        8.1155290400991120        4.0185986228210400     
   8.4720420393002467        6.6063173174676990        6.1409383385734495     
   2.3260994540744027        5.2433875795571900        3.0551919088133959     
   1.5013256619002131        5.5686389121234212        4.1240474688328002     
   2.7444060570075890        7.9494663380238455        5.0795114053004413     
   8.8096298874991597        5.5817478234424458        6.0756858868541119     
   6.4726578636551997        9.0676186306949162        2.0809703707728371     
   7.7807974859109050        5.8490044240434864        2.5518608373365632     
   5.5057098222638556        8.1861439741729125        5.2920306475223686     
   5.5233341518604879        3.3675561469147826        1.5895014532698435     
   6.5807239198349246        6.3343817400972027        5.4625071649316199     
   5.0941208702099647        8.4189808494602794        2.7555244647003350     
   6.7753081483367552        5.7745645177469305        3.0566660700530375     
   3.5298187178392575        4.2601508087635569        4.4922451709498237     
   6.5722079216362026        5.6190940353774828        6.6089651133721921     
   5.2831695876673175        4.5499836884095659        1.8592499375526739     
   2.6454336446371043        8.9243621035885869        5.6276084075962860     
   3.9345131071022124        4.3824224484257730        3.5461119877004643     
   3.6230329771857250        3.1354754795465980        4.9084629686214738     
   8.1964084840902771        6.7584724313738347        2.1139381937338526     
   6.5196170751009443        5.8176715043245375        4.3472358065658394     
   6.0489801209302971        5.2708612083793742        1.4404502290560801     
   5.9649365872906346        4.5660184419646290        6.3352621686320028     
   2.5591231571159461        6.3399281325987218        3.5759447573390597     
   3.0069034382774111        6.5167798257361262        1.4933487361652880     
   4.7140680738679119        4.7025965793036608        4.1526539132462483     
   9.0994370897354759        4.4543811496466414        6.1652927539473588     
   7.3245875164339784        4.5331900355227068        6.3094218058298699     
   6.2238924693656719        6.7459602100944371        6.5251896492598886     
   3.5301945066711671        5.5514161750658673        1.8149046371635471     
   3.6024005691833154        8.3295398788222759        2.9645294266374589     
   5.9705262428930430        6.5013865517642806        2.7568651226690197     
   4.8478519979348444        6.3180181932943107        5.9415042326183691     
   3.4362262858678836        8.1164275900478096        5.8270075112958226     
   6.0253201806132637        9.0026186701817448        4.8039102983236699     
   8.3577743347282567        4.4763958360448663        2.1918137407503031     
   5.6673282170054167        7.6492273965400361        3.4274849681585824     
   3.9728253962478686        7.1921727476838697        3.3007503376568788     
   1.6899337274753332        6.4403583271087168        5.0612901802487471     
   5.5011574987700582        8.6613621987311529        3.9390814565991530     
   4.2136083091346990        2.6299117341794362        2.9620791073192461     
   6.2121477089104955        2.7532745564245489        2.2854894059354502     
   3.6982292527032312        3.3385422657338362        3.7958525002480465     
   5.6290252873839561        6.3286563176348336        1.7577051110015018     
   4.7000934893273163        8.7460734963692808        1.6051889148554519     
   7.3918302095504318        6.5730995946648072        4.2177589986809805     
   2.6036837095354457        6.1143882653930719        4.5636294063746110     
   8.3063130707647055        7.0137086893933018        5.0440847510615887     
   5.6069454632945757        9.4895964960578585        1.5093099242252663     
   8.2860200914763151        8.3535617174778292        3.0179788582575866     
   5.7991732485954923        8.5133819502399763        6.1896881088536366     
   5.8231770430336240        7.0964206409226680        5.4524830540283231     
   4.9341037464298925        4.9923054635556490        6.2953506442766116     
   4.4986118398174106        8.0351896130320561        6.0561409617819244     
   6.6626844990945768        7.0211128192729140        3.5930045107618080     
   5.3083987829414570        4.6288474328903098        3.2081465964883908     
   7.1064885880910227        4.9701652911776595        4.4343992939482497     
   8.5522187085905603        7.3240516565868363        2.9335358962099636     
   6.9628782330965473        5.2421291484172308        5.4450404795513307     
   7.1989230531844637        8.8794754421633169        4.8882113418300497     
   1.6645045755384527        6.6254668060175099        4.0236908788543886     
   6.3802855046592954        4.1247200338887362        4.6083715092390820     
   5.3004692261527957        7.1867711610378109        2.3473130912052600     
   2.6280829972968460        5.4711166661583910        6.4515939408800023     
   8.8609385926373996        6.0896439734658143        3.1071987114246555     
   10.971435086131452        4.5228432445727966        4.7573095904102356     
   6.7687741138339890        6.3825352609800934        1.2928625558826694     
   7.9761970769534782        7.7227375328389725        5.8307522464624970     
   6.2497107368273870        7.2854758833757263        1.7420829699697762     
   7.4104137390322213        4.2894960237201234        3.6318275820941133     
   6.8948972124823298        14.965579207181696        5.8982341552682671     
   4.2446355633014852        8.0019158178804002        2.2393966095186695     
   8.6464009692252137        7.9545715214805659        2.0629406029403308     
   3.4121028193261966        5.0312785357758560        2.7694210505764243     
   7.6974627524770964        6.7144032624820875        3.1615044509705736     
   2.8749422432003540        4.1720694080514305        3.2665902276043917     
   5.5232602212536426        3.7788944617902920        2.6008949711613436     
   3.6097605063278335        8.0341315502651725        4.1083985461937784     
   4.5130245623071659        6.9103979440541279        4.1836110338219470     
   3.5740366448326113        3.9469622818083083        2.4671273050376072     
   4.4825285211435739        4.6424567607679519        2.5457371800881718     
   9.3271386769695699        9.4160382934276328        5.4385281339959306     
   2.6014615265317067        3.5943969876429196        4.1315931305550553     
   6.4313261456596207        7.7800220157777122        2.6189577312083121     
   4.4033134905632352        2.9330813216877538        1.3933507601026800     
   12.361783938277243        6.6071548596502616        1.2354267375566133     
   9.0217872979244547        7.4472880919391073        5.6511490583840160     
   7.6660976746936704        5.8443843764757117        4.8747201643322349     
   7.6505735555259520        7.7051818022006424        3.6577212470054898     
   8.5906978576169788        8.5278411871635136        6.2120827108710088     
   5.6913949399676858        3.6511897840009655        3.7560996575618222     
   4.1945761020109327        6.4114218579471514        1.3302463684290107     
   1.9994476309081879        5.7198677281832486        1.3802668360417958     
   3.5570930775025245        6.2110231896315682        3.0832516802378991     
   5.0209912144414011        9.0429868321962505        5.4762759668454706     
   4.3534321565795473        5.3500689110523094        3.4086302764019178     
   5.0349412015799198        5.8138520719722511        2.6719809752755772     
   3.9585874842802111        6.9948455745154545        6.0003920399165995     
   9.3066960786349355        6.9149240428478524        4.7757594136644537     
   3.6227191270557868        8.8074976451931306        1.9453099362991326     
   3.7178008345357219        7.5429341178269684        5.0745378026544445     
   6.6701112941684668        9.2859160387193871        3.7664370710853348     
   5.3375402103546206        3.9875983707742422        4.8058572193826583     
   7.9345687092624795        5.7852811177482613        3.6488788940912760     
   5.9967525435878883        3.7833184802811091        5.6280794200773219     
   3.6281832537817400        7.6729268046277701        1.3726805563735103     
   7.3568141675593441        6.6780510939324689        6.5901982067348435     
   3.8456937066728010        5.4175399636919339        4.8359733792815147     
   8.1303269698573235        4.9327572455356661        5.3863588713650890     
   7.7429825722191241        5.8129824261829182        5.9253348695659103     
   8.4454292698810161        4.8957823303301682        3.1924827173280637     
   8.6422759467488905        7.5190457854037405        4.0998373418714413     
   4.7166994393458417        7.1537685553050974        5.3076705284355112     
   7.5822919172528742        7.8429748256605931        4.7876561691688426     
   5.9486272326035943        4.9944937377396137        5.3615604909297270     
   8.1624829864582260        3.8501886342158218        5.9722736310810989     
   2.5050867185597863        4.7980181789111125        2.1091182285588701     
   5.8413447551316793        5.6341081316183121        3.4383548249630898     
   1.6829022356206256        6.0288371043807389        3.0101717155284282     
   7.3167700459266731        8.5091413075803253        2.1684615333164157     
   13.519366166799250        6.6024986789169526        1.5236788698211308     
   12.892207791488531        3.7335270061968155        2.3693876041006843     
   10.296973204314414        6.8560928744542586        2.9877114278582733     
   12.740109336077182        6.4100588763274970        2.3754386278408406     
   14.394000489107301        10.165803645170445        2.6445641867515444     
   13.137334659075684        4.9466241237347521        2.7869157109981879     
   12.861245231274721        9.0016917084243548        4.2911845581670880     
   1.7088888098509571        7.9022283441833077        3.8673518420881376     
   14.374505409938688        10.693737159254377        3.7779962129250415     
   11.638387471319804        8.1009524889878470        1.5633978449838666     
   15.129359424311009        9.2675182160704992        1.3924862478070545     
   14.870466822748282        5.5256701212931780        5.7700987784801221     
   15.791083892949514        7.1727161888876454        4.8145292122406484     
   13.939260030008070        8.3819782693746010        3.6429466695942652     
   12.931939149524711        7.3611815006831813        5.5494315868360635     
   12.394806708577487        7.3002461931850542        1.9910375836187084     
   14.404259137662004        5.0263287435851334        3.5243323240718842     
   10.903322553929248        6.0475419345935260        2.6078122081476161     
   15.110843546924064        9.9759290626558386        3.4177009649133709     
   14.078195825146596        8.5600074868033289        1.6153030984155650     
   12.088986180132393        7.9997060928841925        6.0413998101501125     
   13.700262924625413        7.0569852905803510        2.6640028686777009     
   11.186214757682363        5.9572525675460559        5.7459568080855785     
   14.966035828655956        5.9706181377141148        3.8451130899985229     
   13.942043767892374        9.0255864608232503        4.6578919069587661     
   10.888402040136500        7.5230564202051990        5.0712205145793749     
   15.445617350929469        6.1686667879822759        4.9620880668845144     
   1.0557267757473163        8.4057407285059345        2.4224551747949010     
   1.0122661654581826        9.6720432846653761        4.6550805679386640     
   13.736894610518265        10.056820950265189        4.4320103979956640     
   12.839504258004551        5.7940180075201058        3.3384389078684893     
   9.7617404206204483        9.2589886644423292        3.5489225629753252     
   10.797301755811311        4.8427762450549965        2.9243287693272979     
   14.156835581194819        6.8847754512003236        4.9806569647140355     
   11.398591338006245        5.9616721827897257        1.4795199526438876     
   12.039087755150199        5.4526198976172706        2.3684845884496712     
   10.684160940819986        6.4294447974030238        4.7454284174612082     
   9.5795982287436239        7.4395974527225555        2.4237681621422151     
   14.863312767849100        7.2195493404748960        4.2456666775173835     
   14.764427266828685        9.0053440501670377        2.5068002581431545     
  0.70639909262858747        8.6179387672022667        3.4851309107361046     
   13.379696384794796        9.7768813282354792        2.6907429921244752     
   8.2269315003352865        10.296605756737534        2.4807242007405748     
   13.178238350299972        6.0124000733397409        4.5696993304408320     
   14.001910286984417        9.4168313290591605        3.6249160682321171     
   9.3649184379943424        7.0379135734172982        3.5049448430122938     
   13.004211634588335        7.1855083906305408        6.6982161872854595     
   11.374339975321027        8.3569529151954072        2.5913006260160789     
   1.2282588188362633        4.9923177283941564        2.0671219029254240     
   10.480679338767134        7.9419985345235729        2.3637265752611620     
   12.801454841745924        8.4120047043366490        5.2255604769231168     
   11.616555372329968        5.4868071806293308        3.4400181564143839     
  0.31104501745946761        4.4108561048296657        3.0278585371985218     
   15.452172393838984        10.076442174798565        5.0064565379253114     
  0.69880867434112648        7.5555911898120991        2.9972167065738815     
   14.269704588960755        7.5574710166019816        1.2601145884564215     
   15.192809555814209        8.2186993245996902        1.8030978611145831     
   14.566947051952180        4.6642348674611078        5.0936359147961916     
   11.083054101248491        8.1037533249130860        4.1782493489506738     
   9.4652167682438488        8.0997511845994854        3.3020544711640492     
   13.808940252764055        3.8635212320864043        3.1239797106960756     
  0.72411139150441506        7.6253687937512638        4.0315086175768080     
   10.638787406528689        9.4899835383914937        5.9996667511502704     
   15.606667858517840        8.0106288543118378        3.9215279623215755     
   11.939764103234936        5.4107057950636417        6.1876932213051816     
  0.12756157428346276        9.3403201602738442        4.1879644602424202     
   11.993593020306667        9.7653302448159707        4.0502170117142944     
  0.34201285487013600        7.5800365170823136        1.9516309518914108     
   10.999274877794869        9.4668106257151106        1.4830446707407061     
   14.096042858349277        8.5691307003005726        5.5560546402806512     
   11.846509671862190        8.8088341831844676        4.6112927542899405     
   11.552489279428356        5.6163373942173100        4.6344987514772091     
   14.702520253508506        4.3800404632920094        1.6075050957269694     
   2.3673801760628561        7.2274190298236416        4.5624102165453841     
   14.553917086848555        8.1385943540435957        4.4622609684706829     
   10.293497965380443        10.040103087513556        4.8862879748009034     
   13.259216111648552        8.2087722352016250        6.1792913663828921     
  0.85524017439555555        8.4658888206529568        4.6407955093997790     
   11.734166275032646        6.5545264333380002        2.9548272927451489     
  0.40021002148597024        4.7480937599542203        4.2616684981620532     
  0.77120432335954081        9.9630379263180533        3.5740387690416426     
   12.538252107905405        4.0215726401994392        4.5220472043102413     
   14.089832183370856        9.5797008752967159        1.7985091177873040     
   15.787454753882942        9.3140750213090637        3.0110483165956032     
   2.5691546754333068        8.5975551212237580        4.0009401644851073     
   15.707430280150417        8.2455712424327459        4.8866998524241119     
   9.7084149293342730        4.6162030427469398        2.8172472026827879     
   11.168835411020675        6.4274463737510157        3.8631383488580107     
  0.56962408603492709        6.6842518989485864        5.6123266534910741     
   14.262359860780263        5.3794484269107450        1.7394074191819480     
   15.303505955492771        4.1313201807288982        4.1655587768055788     
   12.222296944496723        6.6062814160925338        5.7910820969031267     
  0.75892657679643427        3.3727000421309543        2.9759018685984349     
   13.794221662063419        8.6686095708660709        2.5777674818537779     
   13.424750502091396        6.3488406344465744        5.5026773247215184     
   14.794734426470024        6.6750617512365293        5.7129450432974531     
   13.396543976946926        5.0149222747900204        3.9173659020481191     
   13.368679691273577        7.6468383513602314        1.8573604702009137     
   13.113475581184343        5.4711985051699292        6.2033906093071822     
   15.715061445209210        8.2587312413328853        2.8068984728667430     
   14.721041391438648        7.8177477867695533        3.3410900540355177     
   15.590448041470466        6.9686076686266842        1.2886228756648854     
   15.707383304706214        3.8310609040569594        2.1418813070095251     
   10.708148141647557        5.4382995736230297        3.9227901264420768     
  0.14432055013643208        5.8641940774818053        4.0344178465766021     
   13.858246864268603        6.2125770246436796        3.7162241061542134     
   11.103768283203886        9.3637578562411594        3.3044539327848854     
   12.856755756346651        6.9967033517782946        4.5360609873685691     
   15.539682366950204        4.9885455137187860        2.0485059180650591     
   1.6178555273713291        9.1198175405376283        3.9059741067269567     
   12.730566208510339        10.287942168698384        4.7273191392795191     
   10.427515518380709        9.0739524514056118        2.3379561123572157     
  0.79879954291392263        5.3546903927177842        3.3213997619618452     
   10.122718230253760        7.5057275049516292        4.2015978216128467     
   14.980775943335335        8.8214843106170058        3.5610603386987227     
   9.5345888076778422        7.8495836640379011        1.4994564072942160     
   11.787639468968882        7.3480891928151282        3.9731298182702703     
   12.393734847916276        4.4375823777720740        3.5070253869097177     
   10.979406731327623        4.8146970631090769        5.9139442334889711     
   10.226010606396271        6.9346467543989281        5.6546815019123358     
   11.381045900351758        4.4937382020561394        3.7106831447075295     
   13.119097966135469        4.8527002644173587        4.9704424736582258     
   12.853926939113443        6.8905081293525878        3.4012804630031463     
   12.034282949845702        4.6556153311208002        5.1767644935478563     
  0.20174337314079238        9.1703768480113776        2.0107551589909489     
  0.50301021146873715        5.6298567271279758        5.0744467297090319     
   13.196435710930244        9.4947995714046058        5.2259342257400494     
   14.969050824257812        8.9625879334980603        5.0742513296702239     
  0.83591480595747369        6.6121518824304575        3.3597779478633227     
   14.027950871632727        7.3536987361403456        5.9478341538467872     
   13.836829029756325        7.3216070134990643        3.8014728765635541     
   14.913274410511491        7.6781338345060917        5.3285593802753777     
   10.170536499997056        5.6295070211531710        6.2726973746025463     
   14.455635397050131        7.6966663299903262        2.3839929691570605     
   13.668651774718169        7.7873353370337055        4.7718930685377741     
   9.0247832944606916        6.8831844932529327        1.3954881567951412     
   9.4913378538094690        6.3881857032832583        2.2615781955413032     
   15.441800815397039        5.0996117804697505        3.4054838431050873     
   12.910798594617081        8.9242557459479244        3.2336446307946058     
   14.215838369881764        4.6588926332716110        2.5862001087324336     
   9.8158094175137265        8.6166592492599712        4.4319012745118878     
   10.462574692351676        8.4806586706112643        1.3988778347805249     
   8.6083062804834771        8.7612266830105803        1.3563440294725910     
   11.165478988021173        7.0573196613933229        6.0640334757195600     
   15.063107307850554        4.2654461105889760        2.9197416281938833     
   9.7609826256410628        6.0982891925602392        5.2229338316701845     
   13.059205306274515        10.393821960681842        3.6299517534904351     
   15.644832319594467        7.0128525792549743        3.5657731054868247     
   9.9908230117888515        5.6087372643748852        3.0921571520745399     
   15.261076765346647        11.204312282314232        2.7233704888205126     
   12.028588353324682        7.7089971290183650        5.0340920949675745     
   12.529310704636028        7.9931052584850182        4.0825579646987338     
   11.720008778002530        4.4077538830554435        2.4378830944519270     
   12.240485001974639        6.3035370590243955        3.9938861965373822     
   1.8641021305873737        8.8519483479741439        4.9900792465079622     
   12.402378438862163        5.2519271183417091        4.2144597376579869     
   12.869971097267504        8.4954365015240327        2.1047718110072329     
   15.731037477857107        4.8140023589570440        5.4890148086266324     
   9.6028286964415006        8.5061849867642163        2.3742433708035162     
   10.305787011730997        6.9801598713141288        1.7558652220061859     
   1.1849352913826401        7.4685850536346328        5.0747194586610398     
   10.106795955185847        8.1594988215211011        5.4171330835188742     
   14.391465233577874        9.6981497545692292        5.6171676846886172     
   11.977768833623447        9.3764861882322261        5.5326565242528396     
  0.51138261002000418        6.6188996297498717        2.2008888716577761     
   11.795814710346363        6.6078399038072382        4.8187771545752645     
   12.104791183235582        7.7866776821692731        2.9870364140918770     
  0.38808238217950414        9.1169348874187346        5.5395489479908262     
   9.9693125034662184        6.3264651406713046        3.9498797887580404     
   12.474388921077686        5.7118615070633458        5.2571313056524618     
   15.415054262768502        6.0229106562198096        1.7626032586139182     
   11.745861701859852        10.913448571161242        4.0497811903698748     
   13.719617641098081        5.8556015156886181        2.7364460673105180     
   10.504229600209227        5.3339516497262416        5.0773229339589481     
   13.139645562886203        7.8950000657432451        2.9485435069399344     
   14.618225698163883        6.7042451900541433        3.1957303086349915     
   14.715291309798928        9.6295956326645715        4.3186504424284440     
   11.249438047714376        7.0365309425328322        2.1494466788164974     
   12.987795583741102        5.6393690221001815        1.8203652914099124     
   10.254691574711080        5.2751621914236768        2.1229310951724085     
   11.238759493139757        8.4539005186882807        5.5069309904139585     
   15.448264300854845        10.082456449187031        2.2517775429822300     
   10.096291345809218        4.4741959031005685        4.1135143057053902     
   14.759846329003713        5.7236665667256874        2.6325727201914138     
   13.391274355311523        4.7167425199665232        1.7167708609824146     
   11.109186101407413        7.5107653229598279        3.2048836998156638     
   15.426157357654805        7.1685488728026519        2.4853437318091083     
   14.534326298125245        6.7101021581689393        1.9876974345654652     
   13.923472276878893        4.1040942088666261        4.4228246000843132     
   11.414822056751959        10.201067381070409        4.7950093058755847     
   10.487125676777337        8.4412018955307460        3.4227583302426692     
   11.890668828341889        8.7482898546174166        3.5050572717996156     
   12.261279905018343        9.5792683944541022        2.6235722395819963     
   15.756521911499673        6.1156585223460631        2.9518037277646485     
   15.270251519930740        5.1786765131113750        4.4736149153979978     
  0.47728493290510182        7.9492194564781737        5.9871407010991264     
   14.209711168798982        5.6949166946644700        4.5726862347000612     
   10.900109686847328        9.0865789836653903        4.6295909860784761     
  0.48006183381816819        10.872619598398899        2.5916064055909529     
   15.313345760222962        8.5358930587739774        6.0012684412111827     
