   8.7502004388724977E-002  0.19398867206679835       0.73255969637901897     
 -0.16810109826308764      -0.79750473792302712        1.2979106802464262     
  0.14952855897724882      -0.21173643436710562       -3.7152996486306898E-002
 -0.10435193346629409      -0.54658180905993270       0.68388877929568670     
  0.15272309844516882       0.16437907759898782      -0.50942684358196599     
  0.82650644003715812       0.41430748147387547      -0.58915387176148282     
  0.29372868951400699       0.70382747920046740      -0.52367055968685994     
  -1.7725183155609121       0.53394839556882612       -5.6975956332225533E-002
  0.21024980386198883       0.61602470224330452      -0.32836304579693859     
 -0.47800687812957715       0.89118371000678864       -1.3037503224604923     
  -1.3987265454690190       0.43672534503192340       -1.2794118025963850     
 -0.15784665963057493      -0.57396127284058451       -1.0437918128768766     
  0.18870182436003569      -0.58196125453824210      -0.45954290497490358     
   1.6134025316355591        1.1318319452529324       0.64573432890265581     
  0.37787091636465175      -0.12699611656139276       0.17795216750444895     
  0.39783571852636074      -0.53919183873137300      -0.51426687111006886     
 -0.18543777504815673       0.22043069107990915       0.46160009955506498     
   1.0246418646890960      -0.14626445335901153      -0.48989326170167025     
  0.98959191792057344      -0.26961004965845031        1.0056387858697160     
 -0.57542128962091399      -0.78112070213120499      -0.33589288978810156     
  0.33069493832386126       -2.1527264071572869        1.0902511496379785     
  0.59146128751766314        8.0717125812450816E-002   9.8434270318793191E-002
 -0.62827745063627038      -0.38450592303420472       0.18578225989343372     
  0.30620702407991907      -0.56824544291304624        5.7561527446217127E-002
 -0.34018778318442044      -0.68255648054155715       0.71539944834968239     
 -0.95422624437240422      -0.46625924600591484       0.89337874679405094     
  0.27265170354750773      -0.55349172433143601       -3.8945159459228003E-002
   1.7599472453437581        8.6437011918180720E-002  0.33917313677858985     
 -0.21465371996639085      -0.72366594318947075       0.34837533011906135     
 -0.33283018505058010       -6.6046457517289464E-002  0.31210395061259522     
  0.22518475017039538       -8.4173818714163004E-002 -0.90914368506242271     
   1.3317156054957549       -1.7456368760847030      -0.10515793166953499     
 -0.58203246507609796       0.44158038125807680        1.0140184760359667     
  0.50198727782984809       -1.4568945894814695        1.3140289106219520     
   8.3745933743510859E-002 -0.20965521641733353       0.54296845021261519     
  0.38163858424715064       0.20591638936075218       0.36839398496944714     
  -1.4181649983950433        1.0643476541582935       0.21961419143405947     
  0.28455541932842315       -4.2752752356342523E-002  -1.1537599961339412E-002
 -0.29687345308078328       0.47403477549641937       0.48515250412291988     
   8.2791492618302653E-002  0.83951916579570751       0.71199522325685460     
  0.21643898869457223       -3.0285917542476896E-002  0.78508606203037534     
 -0.56754427359031245      -0.16177173921026122      -0.70360437916878116     
  -1.1525943321704362       0.27399967899890459       0.22254304643876072     
 -0.82954478913999341      -0.48610837661607054       0.17092547413414277     
  0.27701082413736705       0.21980098829797398      -0.35193104607210940     
  0.99954295242579227      -0.63103051252534648      -0.20877226023984574     
 -0.58970090972752842      -0.16690376782191224      -0.19911772585400883     
 -0.78663595719918900      -0.34027272560960448        1.4293625637246321     
 -0.41231237243185204       0.82721469930722880      -0.96165364219490723     
 -0.25187925485149265        7.8472150573392144E-002  0.31542900381670641     
   1.5999749915275703      -0.38224741889991382       0.72863697371444713     
 -0.21171228292639582      -0.95190505548646587       0.13118372570768558     
  0.61185456011443540      -0.62073490726957048       0.65645955753944274     
   1.8777508856667293       0.72370940681728713      -0.97916371467900021     
  0.32733103152746401       0.86066934019241459       0.59726503287336474     
 -0.19926442710181425        1.4327351323664021E-002  0.24863029690657332     
 -0.48739748211102357        1.5600784799319909      -0.48657508317319048     
  -1.2099069498100767      -0.84967236749471742       0.27964086731905347     
  0.50374234892432457      -0.14301298090456133      -0.14097166360307009     
 -0.82012548881215586      -0.21185725025207289       0.48443360865893192     
  0.63408359983323104      -0.79925546171981132      -0.43057570350468272     
 -0.32101566230011314       0.15721359966280321       0.14280269913175775     
 -0.23798820857379288       0.70199904967241433       0.40459351842593161     
 -0.44609565998565909       -6.0841071469465158E-002 -0.74079193121724185     
  0.44920001375078089      -0.45717201243938288      -0.89129703664417836     
 -0.11039327909540267      -0.33606124192494291       0.43470173906406900     
 -0.47282423113017541       0.45102207302822173       -3.7080953898257482E-002
 -0.43587697727108354      -0.82160621458637717      -0.74826583228696575     
  0.54026181017582708       0.34598187605455805      -0.56831915099787922     
 -0.34639438620606150      -0.19663988254856604        1.0769123340590609     
 -0.53811724799163008        1.9207368503280559E-002  0.15625241507202947     
 -0.61558725111579793        1.0073693587969168      -0.10221915559698602     
 -0.62115382379718609       -2.1194241368049108E-002 -0.49852243139564367     
  0.74372703833724430       0.33007210804045145       0.47782098594842826     
 -0.60309795125219989       -1.0228928417428103      -0.21470948697346817     
   1.8953043386991464      -0.29943604147219643      -0.56415507660383668     
  0.80675229411454963        3.2106646318951999E-002  0.12142330444084605     
 -0.45546105249580809       -1.2764430605393542        1.0292501053308858     
  0.50384469304825108      -0.35873041306926290       0.22653184801942527     
   1.4707864751964099       -1.4211007721722886        5.0208762821175673E-002
  0.16106277838367999       0.62636738243225254      -0.78906583759948246     
 -0.37145814585440157       -1.1260333695399045        1.2413685559743248     
  0.24480304226177324      -0.32251609477638049        1.0072928472688658     
 -0.32521900861890662       -1.4507473858141890      -0.76692296010442984     
 -0.85068280343461578      -0.30681770814324100       0.71251991550323068     
  -1.1474705789171238      -0.47983130453810113       0.62846765403618665     
 -0.71196696089020095       0.35536644221495389       0.67153410099412136     
 -0.26291992691571209       0.22262550856503638       -4.4695814799889086E-002
   1.4570957587397544      -0.10723015968263884      -0.19971890646486737     
  0.38706484054756413       0.83953680229281480      -0.25786116574250628     
 -0.60190645728927061       0.40382743016902473      -0.89556940835782395     
 -0.91147248767604816       0.45245173410134265        9.9347812456482242E-003
  -1.4715338952821684       -1.0341036464421431      -0.91584776591520400     
 -0.50160783238034001      -0.14360778451666367      -0.27245321565004749     
  0.81839988042528455      -0.90458018902115445       0.29897305593106316     
 -0.61059520513664289       0.95786138756083272        1.1633576258368410     
  0.56656281353481353      -0.26585287251997952      -0.12343854436637311     
 -0.47549424318413058        3.8197023174887698E-002  -7.5342774145430225E-002
  0.26339079006892024      -0.12753198308386754        6.7556018425805137E-002
 -0.40999793566597398      -0.62132652414017908       0.99121718416985349     
  0.72325966059710611       0.73211257433477206       0.54169307731356109     
  -1.5767237032905217E-002 -0.25249055739498732       0.66810794379275029     
  0.50012446812003353        1.1249146636708010      -0.42187643089077820     
 -0.13686180043598553       0.55869730139720053        1.1917928773440720     
  -1.9789477999961926E-002  0.86035823208804496       0.65019035538337844     
 -0.35778740640246876      -0.82208277825860598        8.9866190524895431E-002
  -1.0670377621851006        1.6251893866036327       0.66534254401515558     
  0.29792624091151254        7.7167172275764487E-002   3.1741386726377843E-002
 -0.77424521134453994       0.55706354515080347       -1.0081522298410923     
 -0.51373042194225194      -0.40942537283782315      -0.26745812730638691     
   1.4496459407407156       0.54818345380768918       -1.0661008036497293     
  -1.5939564716261165       0.23168840202895449        1.0271069565837239     
 -0.29694463026246054      -0.42421020109177260       0.45680327633539902     
  -1.0021172960823055       0.13984239793649086      -0.84292168669300882     
   1.1181954873740469      -0.38744460077910936       -8.6310309974792956E-002
  -8.7187942495686219E-002  0.39889737493469973      -0.70651016793163190     
   1.2636896359066689      -0.65301422680458043      -0.26238311634599459     
  -1.8411556628352461       0.31358745205526384      -0.72234476293865413     
  0.18824865041284849       -1.1066277210174311       -7.4293559287532021E-002
  0.95110636261950277        1.2227561557575803      -0.73297635606465017     
  0.55656404344836363       0.94076853630107005       0.51638838317676228     
 -0.59453621194370965      -0.46212420682268324      -0.35961704433617220     
 -0.85592405691762041       0.59471948498792937       0.81856456317506632     
 -0.37331759997509029       -1.6507889134943332       0.14412995870629100     
 -0.26763484949416921       -1.6614278784808061       -1.2055207383231443     
 -0.66024733382803935       -1.4170897418459913       0.39276320552292238     
 -0.17275151024631363      -0.22536789379956684       0.59787405054158649     
  0.55336231097623279      -0.17996004146119340      -0.22557261337242021     
  0.69318267256580579      -0.14585799241977446        1.0131080690839529     
  -1.3850747344367751       0.79675854272664526       0.53700288806155327     
  0.40561172245883420      -0.65016881559800233      -0.51567212638207938     
  0.26190864606634828      -0.44700250263851998      -0.99253788956637901     
   1.5635328880105152E-002  0.37743629348202062       0.12288806208909817     
 -0.42921791853826763       0.80494971443257135       -7.9524390467162046E-002
  -4.6255761790114848E-002 -0.80236849564388857      -0.60188991758550370     
  0.90762388636452529       -1.2456878407340559       0.40843870465747367     
   8.2863794185458986E-002   8.4746161699538372E-002  0.75580145254049413     
  -1.7030545278499656       0.62620674794933728      -0.11531618341376806     
  0.70490276003183494      -0.30820884513227559      -0.19634726451016343     
   3.3990533704328967E-002 -0.37989408893613597       0.19109942583625369     
   1.3315886304953988       0.83014030217422607      -0.95841775786647732     
  0.33113639705905651        1.2028757562333163       0.79958992769808512     
   9.5265788742400687E-002  0.23963751150892446      -0.13294554686522098     
  0.46673517345312648      -0.49861725487979852      -0.43942656551151038     
  0.85171082060557923      -0.35674154632466942      -0.66444047010234786     
  0.31057544515195923       0.18251563208258553       0.85845999205176182     
 -0.34112103983737535      -0.28188618912463276      -0.39517522535594440     
  0.32050509865722343       0.24237875456726654       0.23630245479554432     
  0.77264046431565225       -2.8560024054311985E-002 -0.28038732476232325     
  0.61497257141042438        1.4474723919316599       0.46540713748701568     
  0.23721776793026084      -0.39221113718903755       0.14674249651281152     
 -0.31759338823574551        1.3466363659013785      -0.17990153610042228     
  0.24047534079954250       -1.4560735536124110      -0.62096719066916228     
 -0.47942497131866918       0.24679247883470101       -6.9695182346070597E-002
 -0.44548550524343189       0.54541223061447353       -4.2709442924354801E-002
 -0.71952912643810762       0.13657128612819169       0.71306580119022467     
  0.47875465683662360        1.0841242363717523       0.96551260795526028     
 -0.93911955681536907       0.93493230507086256       -5.3430757916592277E-002
  0.94049650223617443       0.29344642208509519       -7.8779782633894194E-002
  0.24414557035156378       -1.0085489557826095      -0.45368517484713455     
  0.46902747064641021      -0.74531310688070751        1.1591589992523437     
   1.1862688694042678        2.4319161493019176E-002  0.18122778349999866     
  -5.0968974066173067E-002  -1.0397153913392661E-002  -1.6134691020774707     
  0.76323762726889033        3.7078297711685047E-002  0.32471519962877227     
 -0.77671085482722479       -1.2538215981184591       0.35136393105747821     
  0.15187867554206935      -0.25824904145976979       0.97098476986142901     
 -0.20966290155569983      -0.12374826265815016       -1.1773971756195416     
 -0.54472976681109186       0.24083164639047233       0.30039376745593643     
  0.73272493934808447       0.39477746346976628      -0.48385834211089901     
  -1.2896116086622078       0.75433358695682418      -0.29503713927916031     
  0.75496750904904475      -0.72928700144660241      -0.63597730446531775     
  0.47876436129042937       0.41671426420368340      -0.37203846650831734     
  -4.8086834300430197E-003  0.39788256470989891      -0.59024348831021045     
 -0.59872674373445312        1.0775056197875357       0.13318504180571189     
  0.82251401244843159       -1.0993031457363651      -0.84560695929701046     
 -0.38678841255388369       0.26291340072708924       0.49950113306191118     
 -0.39331993040371482      -0.17978185260048155       0.88005763135989012     
 -0.55918444703303549       0.13478627041718730       -1.0553103533183459     
 -0.15582106626433995       0.10434586269799746      -0.74169298166645559     
  0.38897887126282010       0.94151492483542221      -0.52107387172389674     
  0.33990105440496099       -8.5124965021854765E-002  0.27112104568128415     
 -0.86675044213421826       0.59345947767033214      -0.68972104226264830     
  0.48179591878176370       0.94054709623170352        6.2152412375834527E-002
 -0.16969392316064782        1.1110188178507281      -0.83557345920194059     
   2.7873155799430380E-002  -1.1661031782341402      -0.36367516158512631     
  0.62345821023809533       0.30869223868378687        6.7593532702406880E-002
  0.27371894466999463        1.8015489106853362E-002  0.72592751224513696     
 -0.28504397822758010      -0.32486354646321325       0.23159154714186969     
   1.1199271486852345       -4.7072052327648328E-002  0.43933696741679429     
   1.0677700492725024        1.5541676735574788       0.42162359300215607     
  0.30497194540834516       0.60234005047288142      -0.40965131270105082     
  0.68260007643454634        1.1449062180343288      -0.43739006777930611     
  0.16756899138016404       0.43322879329248853      -0.40589753143268775     
 -0.28703273709437804      -0.27182809015379883      -0.20265087983735122     
  -6.8308152043308229E-002 -0.27908767622823533        1.1704345273120744     
 -0.61597835217382146        1.5627070969751569       0.85598360992273470     
 -0.79156018355410906       0.72320392598475958      -0.20272000485061037     
 -0.41597159417699886       0.86512118532568405      -0.68255739354424216     
  0.49580702058916898      -0.35559351398005046      -0.68583125219183172     
 -0.37229082136440383       0.41410903056294696      -0.64397639534613071     
 -0.10035848891408504      -0.14565778716911526       -1.5380310523939371E-002
 -0.33763580405541049      -0.26205271827269788       0.41550811282660471     
 -0.51156465751725133       0.65095251738470017      -0.50189484168084675     
  0.20476398396402912      -0.34068424644641110       0.70830914174524473     
  0.48332529680842240       0.21479337111229169       -6.9680244885520035E-002
 -0.95232097006090854       0.16211763360531281       0.17496257881536317     
   3.3290129105669912E-002  0.73976565850024167       0.16060247435769912     
  0.16289942156440404      -0.43076274730777570      -0.24542380193951621     
 -0.15264740209611247       0.27010226299794543      -0.42201081917105249     
 -0.15262372113281220      -0.49369809831554945      -0.11154389311451597     
 -0.35480502902741179       0.45280214104562749        4.6442588557528579E-002
  -1.1072130248378959E-002   8.6812969897433603E-002 -0.40938554119296972     
  0.45158354493361191       0.14855583274822623       0.62879610489748561     
  0.22725244653928198      -0.48800183003224090      -0.26050054704211456     
  0.38955875003176710       0.22366807706477221      -0.27177306984584654     
  0.29186005132649206        2.8651174502362237E-002  0.42886007299819495     
 -0.64554309571275259      -0.41794261035111496      -0.90149488649083798     
   1.0350542672162903        1.3805899785590159E-002 -0.41408907951111174     
  0.59601183920395739      -0.78830877039893466      -0.41344844824591165     
  0.44865494588500743        8.7487719942221202E-003 -0.16945272321348778     
 -0.18487256055855997       0.82278096948601831        6.7859044316826655E-002
 -0.12350515289784793      -0.46824321048215228      -0.41986547371465655     
   1.0535821931979077        9.4305950240589340E-002 -0.33756818560556073     
  -1.8844732566650969E-002  0.68768682536866999        1.0172140868099016E-002
  0.81115025111744099       0.78310100035993402      -0.92036070079209076     
  0.49839656018670725       0.61235429228349036      -0.13207053175740549     
   5.4390802968565341E-002 -0.40569795669994740        4.0417705219800131E-003
 -0.45462189125872465       -5.8289335379825653E-003  0.31096050847663326     
  0.91115881949490596      -0.53645061343562583        1.2442720803873244     
   4.1043613859645674E-002  0.30107890792463432       0.40288820975797590     
  0.16428535339794437       0.69553749071287030       0.25486841996374926     
 -0.87107675454571687       0.83669847943984677       0.59565524040892204     
  0.18211424467595602       -2.8573009354732778E-002 -0.26532356979586408     
   6.5323763628001782E-003 -0.37686221319615321      -0.38194469150348020     
   1.2611026505792373      -0.12153003843052007      -0.92851376043493594     
 -0.65337474845353627      -0.18120905829066616       0.21890804140029288     
  -1.2398297985239717       0.29975481299513340      -0.43163708758643349     
  -5.8070089652070569E-002 -0.45384723223115814       0.11347123986114388     
  -4.0822844623527872E-002 -0.58618849467243261       -3.7231464633198541E-002
 -0.47522806838634013      -0.35654771338223090       -4.1922629519452054E-002
 -0.15324241525275023      -0.95222673888584997       0.39177963119144971     
  0.56634851895624250      -0.53253439009400694      -0.32659936141366125     
   3.8937318360453804E-002 -0.43239325050124339        2.7325362401447180E-002
  -4.3764515422562104E-003 -0.82746677485663289       0.94612964095453023     
  0.50193077245854123       0.43405855916659253      -0.50238782679620630     
  -8.2729137060872093E-002  0.65501089947838143       -4.5147888147151087E-002
 -0.63346336786921675       -9.8436284926397860E-002   2.1258837630099378E-002
 -0.45502197577405085        9.1793195235752648E-002 -0.19021475893938461     
  0.67098907395945251       0.61703197442944424       0.12901619575866810     
 -0.63012138907727167      -0.40914219674526786      -0.27453538954333034     
  0.65405545229191564       -5.2820531075828743E-002   9.4211749300602748E-002
  0.44529547777199074      -0.51495708094604165       0.88797773094012389     
 -0.68662977463560604       0.42668971388547827       0.51173478726539445     
  0.30484377083281566       0.86087303432231432       -7.2506674505286542E-002
  0.45455310938321841      -0.48786405033531766       0.59537382019807128     
   1.7794177768289191E-002 -0.18009573305191728       0.87645577122107643     
 -0.32159184652414963       0.22747196316845800       0.12462615364062890     
  0.49882157126855153       -1.6333394847332851E-002 -0.65813359228880641     
  0.23613376420137649       0.62758465220585569       0.44630104972698381     
 -0.45563742139624341      -0.39526482176033972      -0.78362512334641710     
  0.99150753102049860      -0.28808329360592344       0.23326119711254253     
  -1.8189678500059342E-002  0.22629088572994246      -0.19660394022630037     
  0.45611371128614703      -0.25576164779080152       0.14238238787578086     
  0.16933049087398067       0.85400608432613878       0.30040180976716979     
  -1.0913386041736457       0.30493736095291996      -0.87756092254369411     
  0.17082699812991550      -0.33489017989726755       0.29258457704767055     
  0.40099628743621091       -5.8343306812606001E-002 -0.75028910095582491     
   1.0007584905282195E-002 -0.10408313846791599       -7.0148739018568607E-002
   2.1191222357985671E-003  -1.0607471746846546       0.13507890160837566     
  0.36973649235268624      -0.52355565749928756       0.88289407477346282     
  -4.5041006490636401E-002  0.20817996049379567       0.60732438309626091     
  -1.0829171608084040E-005 -0.19985889969077755       0.26200729204821815     
 -0.19746097369867224       0.59806780167273754      -0.29007067103321033     
  0.60051710636282851      -0.74563176917191920      -0.63975377524272437     
   9.4571298171459484E-002  -6.3576333203166399E-002  0.54215143905007113     
   1.1121901104972765      -0.17941054065663223        4.2494490060704746E-003
 -0.24488489846608980      -0.21556815159783657      -0.21579649107828097     
  0.29135495936493122      -0.78724399663256617       0.19794810756457668     
 -0.41685165963952364      -0.12100641182352725        7.0000317229839709E-002
  -1.2949319621685991       0.28226264970398635       0.35566324444578568     
  0.37303326293994965       0.15094362872429398       0.54322522667902107     
 -0.36615399004339533       0.13162522004803204      -0.41478272080962164     
  0.55444850216851338        1.2691122678446927      -0.57246592298519250     
 -0.30690536660820361      -0.15742154088066795       0.16773416197601118     
  -2.3134197630000082E-002  0.22273750699652126       0.34483232780922907     
  -8.6938244163671491E-002  0.67253427373029107       0.33673267674846558     
  0.10150579963765212       0.75394718179378983       -1.1207028498074534     
 -0.27147501290367299       -5.8464130212886128E-002  0.99449145070147027     
 -0.60473621707389680      -0.30156076171678664      -0.32379211887076281     
  0.31851902946773486       0.29328489618151748        2.6153665905814548E-002
   5.0338265576949676E-002  -1.0145583286742696       0.52050856551626523     
 -0.12349171358957245      -0.95275501783100036       0.60212594715463519     
  0.45067594313830966       -5.7489087494496466E-002 -0.30600993233932844     
  0.22405886097499553        8.1152254431599805E-002   8.0530847635119668E-002
  0.35318613099919699      -0.32098075749720528       0.95432919699212537     
 -0.20086307035211146       -1.5733729506941557E-002 -0.10188283479594884     
   3.9581420991792300E-002  0.44227760224112733       0.45995490719896714     
  0.24470683986358469       0.52080212995831054       0.77978845987845113     
  0.13095806602530244       0.49070032826449428       -1.0521056485659000E-002
  -7.4070469988625987E-002 -0.14551586368511729        7.6397248119662517E-002
  0.73634681807348845      -0.63046694491044930      -0.35347600749732933     
  -3.8113451628380493E-002 -0.13301973688373980      -0.18141380874221535     
  0.31952735900689777      -0.16717148664097520      -0.66845289449749812     
 -0.46053646888706495       -5.4695171275456318E-002   4.2277459828275341E-002
 -0.65089215778692289      -0.41762418521763589      -0.24028602351273551     
  0.73695877656063979       0.41541002835337798       -9.2474134258613852E-002
  0.39769188948607748       0.88998006787083128       0.59974934442545025     
  0.31109339572990374       -9.2174439207527853E-002   1.2397619261462351     
  0.24889568388265393      -0.56345909501256652      -0.81633495833789571     
 -0.50282670440483301       0.16407755997871304       0.65475683476503999     
 -0.21981469873441650       0.97551522449232830      -0.47639462368899194     
  0.53535911714964812      -0.96814350631630341       -7.4692129304176277E-002
 -0.11093209405698710       0.90441782117865566       -1.1278769403372353     
  0.14954326506410917       0.22545634803963843        4.9210418228780195E-002
  0.26090042205367475      -0.14990642966961990       0.71624370593851994     
   7.8584483917468972E-002  0.82538588687733605      -0.28834881358642067     
 -0.10413515402052420       0.11984068900484093       0.40502632451633769     
  0.24434866675149733      -0.54778787465921408       0.96741025745361720     
 -0.68514408486218337      -0.19242305419807004       0.34726720122966498     
  0.34143596328790482       -1.9965871625057429E-002 -0.25285450589691244     
 -0.59690788869631650       0.26934910699277309       0.78625970226182218     
 -0.37189787130226237       0.30148726312601221       -1.0623870948694075E-002
  0.40328151037161536       0.22381306067943207      -0.69554356074932622     
  0.50772666066271310       -3.8666267040612719E-002  0.32241247122008404     
  0.81017017217111786       0.36120055302219373      -0.21087516602374981     
   6.3459235527052738E-002  0.87883374632085276      -0.61925059616849953     
  0.14468192876813663      -0.18447392299832818      -0.32815680885755866     
  0.35545230881142686       0.12015584794619484      -0.66242227300115863     
  0.75456772633172609       0.50103007114730669      -0.23730197506414585     
  0.26850706665264307       0.27112385939090722      -0.67959522918013415     
  -8.1107211283058700E-002  0.15199717110708058       0.20017595673809302     
  0.20835042560431330      -0.19459979731329652      -0.11544975718543972     
  0.30463410012987202       0.13237246023613983       0.70893726811259250     
  -1.5971427072777478E-002 -0.14253599887004378      -0.14496869649091879     
  0.41439748053729103        6.4794831864494666E-004 -0.44140429366009920     
  0.10684492150371562      -0.15979653910829983       0.59558273511185278     
  0.72385812491968982       0.60441915364695920       0.40097381512636032     
 -0.53691604817880190      -0.99101490731883701      -0.41126782148059621     
  0.67944529467106829       0.38675167904142488       0.23267850620533853     
   8.6144497227874581E-002 -0.42755230120601723       0.40114208036015592     
 -0.31882192438894802        1.2649238930087314       -1.2619370141224824     
  0.69757909947343066       0.67681407229789925       0.26356178869905134     
  0.22852378098306214      -0.33634412661043084      -0.27900381585864081     
 -0.43452364660749998      -0.59633857528650969       0.38231589285177692     
  0.12887747699343535       0.95649984992667414      -0.63288116643606163     
  0.59908517571376063      -0.31956587049106305        1.2653898493270819     
   3.8408374875626597E-003 -0.13424166841807345       0.81561137161558173     
  -7.6426170043238303E-002  -1.0245794871508422      -0.13734302167611420     
 -0.35139433423758831      -0.52032963572285074       0.60784924278534180     
  0.78766458223759417       0.60872742179594663       0.18212157994757311     
  0.17239505202561756      -0.62098261277542777       0.19917730373412221     
  -1.4542383242249162E-002  0.50855123794444335       0.17901535158083431     
   2.9603914593528253E-002   2.6182330744446970E-002  0.48570181392249517     
 -0.98238345841696617      -0.85414001262946582      -0.17081040085111193     
  0.38313852816984678       0.74775165771908869       0.21505985530076810     
  0.48931324999564663      -0.46638235981001591      -0.28008073862544286     
  0.78789023408828263      -0.13833877781056619       0.54903720862188909     
  -1.5301486475926678       0.48637273064464354       -2.9468296916510837E-002
 -0.36368488984762892       -1.4940487440491899E-002 -0.32693825416563571     
 -0.26667368190876928      -0.14858066462313307       0.44872549851269461     
  0.39762576088210783       0.92677637505141885      -0.35269370904865588     
 -0.16225193600721580       -9.8733610384475062E-002  0.18374562646705647     
 -0.79424180634049590       0.45813535689713236       -2.5455385304626033E-002
 -0.30777757429996283      -0.27876333977058265      -0.24941332181400797     
  -1.0494555544058086       -1.0055116344667752       0.44471992848547742     
 -0.75565599044548126       0.28313302037923077       0.25436246027482246     
  -1.9015320236824073E-002  0.11994890320346686       0.64641061770412844     
 -0.45957995640489829      -0.29032496560807303      -0.26211689142204009     
 -0.24623656213476608        6.1859075264860036E-002  0.32655994162112301     
 -0.18132794307399597      -0.26880195374897176      -0.25919862483415129     
   9.8829534203461772E-002 -0.82397593161997018       0.14495590904025507     
  0.13202250303288524       -1.0800118778367217E-002  0.53689192816479592     
  0.59641528160303858      -0.19139002309884165       0.14873257313317273     
  0.22187203538582639       -2.8221486947561918E-002 -0.12024037029571295     
  -8.5531296204604909E-002  0.73418907461231642       -4.3675922409920728E-002
  0.39804057329754894       0.76086561025938193       0.10049335619458555     
 -0.65904684235143884       0.13903903301844703       0.45535013748911435     
   1.4776090974166884E-003  -4.6492337531773613E-002 -0.76324635692953013     
 -0.22197130130937456       0.40333083084962801      -0.35674918394206045     
  0.43109858519181343        7.2179523645203955E-002  -5.1639195509979502E-002
  0.15467875047135105        1.0829665040376608      -0.43983330234488610     
  0.59403364487898214       0.40198717075860441       0.41017910572804483     
  0.54390869934173880      -0.34898005952038830       0.40681588639163047     
 -0.16478725472329200       0.96448029450822592      -0.32227082718050032     
   1.6503870669010139E-002  0.52129722210297769      -0.28884265245830526     
  0.67770533466977367      -0.82025392655521034       -3.6044553019075422E-002
  0.48861064212893141       0.97731410102361016      -0.49606935247077327     
  0.29479171913349700       0.12406179903634534      -0.22596875710239578     
  0.49390099401823173        1.2897245044500427       0.80915595180669153     
 -0.78839746255237753       0.80272116617589517      -0.66565888428340247     
 -0.60886876174806681      -0.27359579486980273      -0.24734481970834843     
  0.33781823106359254      -0.97464112128777880       0.56086144612735123     
 -0.73129420064525386       -2.3430263782871549E-002  -7.5104861815708551E-002
  0.42378106678991900       0.37161532933020980       0.37344871914885625     
  0.55816770354144463       0.46666871955768913      -0.66262946857199734     
  0.29850417908664961       0.55182326467608811      -0.27679155006195566     
 -0.68060240667357108      -0.16864796650350211       0.59704125795435081     
 -0.22775345318450424       0.44098267158464272       0.52495545181612457     
  -3.8739083222169568E-002 -0.21650733896491428      -0.25261341075748572     
 -0.51301156885873112       0.26421563982369195       0.53502167796668110     
