   4.7194263528889930        4.8240380726017165        16.112793403677813     
   4.3355665619097881        6.1488775943298855        2.6071563645237505     
   6.7442551606741388        1.4154873694353673        10.287795818874784     
  0.39109785319374368        5.8066357300437819        2.3155203358646266     
   3.4936087987450151       0.42974592604760575        8.3698819973166518     
   6.8964205609102347        1.2380218198863182        2.1618716858995337     
   1.8613254335600162        1.1837108675074177        4.0687532484039819     
  0.15778288355374390        6.4794461771458325        17.874560238513794     
   5.4456763406372461       0.45585438138725892        17.164882291291882     
   1.7321264385114590        2.7388395619657619        18.798254919793571     
   6.0071197678840971        5.0669067084002464        13.272003931931977     
   6.2423240933775999        3.1661174487398811        15.280299342425193     
   6.6077611568262569        5.1379595490260126        12.487354416531259     
   4.6126328269533969        3.3544672186501217        16.627170680710758     
   4.7274177850555228        3.5217422105020950        11.029165256490188     
   1.8874180878931135        6.7946902732159771        4.3559436630027308     
  0.69849277476891913        2.7628394006170418        7.0546168993911982     
   3.6679228739003427        5.0500846167639688        1.2021503035565724     
   4.0951304391199548        3.5283421872090455        2.5260816573842590     
   1.7158629893158768        5.1794776996384027        18.743714846841659     
  0.68240794461157339        4.9052605408451875        2.4430665882723126     
  0.84933588446134867        1.2310950013902215        3.0089711241216985     
   6.1223717267134203        3.6004847036842840        17.129813440394614     
   5.7488444534427519        4.4395630393739589        1.9687165458848013     
   4.7839987112506925        5.3471986166263532        1.2109073588477441     
   4.1510520136045619        1.4083352049909592        10.927272586390188     
   2.4800087235991080        2.7500523735152771        17.495009813532874     
   2.7221877475353300        6.7910931149979703        8.9710933430845827     
   5.2522224978697292        3.1591487909560674        3.5745649493367542     
   2.6806302031331057        2.6531843711122005        4.2375169934532169     
   2.3649194020499404        3.5301182858884417        18.764386306817318     
   1.0285498222904945        3.3063646549668948        17.098225838172059     
   3.4477259159716627        5.8027833212554141        6.3912088861369618     
  0.17370763167799316        5.0348027659425734        9.9471482187257116     
   5.4746329447814954       0.60445134813931356        4.9442001220570457     
   4.7002915459915400        1.9340910230257367        1.2011177020481179     
  0.92608347051003004       0.56492099478014346        18.791215073229967     
   5.3591853566229153       0.25744205154913702        11.799734267633593     
   6.6844946935042788        5.9748712615713915        14.542754675026895     
   3.2296550218286533        4.1926908841284636        7.4676369521759485     
   5.2620369086656593        2.0019903550379108        13.896446202648802     
   6.3069497930274983        1.6985291160032046        1.2610858275281127     
   6.3357646459198342       0.75979934279716388        1.2412666626808424     
   6.2387861990668574        6.3526807535914118        4.2726009659865190     
   5.4970188816736378        5.2601498067797499        16.895339324017442     
   4.0096210542626309       0.64598189959548213        6.0376222119019340     
   1.3290737721130415        1.8328410658959535        12.957452495683535     
   4.5805250681829683        6.5095107979546007        18.662813596412491     
   2.5950557465938497        3.4141494822051075        7.3041450182272118     
  0.35957960791714255        1.2127744710756339        8.4984778727267951     
   7.9925403040142534E-002   5.2213782640861632        17.563998580574928     
   6.2337003937143081        1.4037213589717890        6.7540546142074547     
   5.2060425704690223        2.7481556533418399        10.121192749409293     
   6.6178501311349631        2.7809130424846176        6.3220510864221389     
  0.51607689767791864        6.9513109247905129        2.7316574181144837     
  0.59250553101541770        5.5607894952879153        1.2701771400621136     
   3.1842380476714749        5.8807314990418291        4.6648537262351963     
   3.3595426926485583        1.5168578735982823        12.431432568695993     
   4.0792129346718138        5.4336512269085233        17.342859947119628     
  0.89092272403576922        3.0412970463455706        9.6130528262089374     
   4.9299351260704585        2.5956606280088890        5.1322411729533597     
   1.5068496448339599        1.4209731913384143        5.2457346567207273     
   4.6444604685177859        1.9784087551580640        2.3904572801438828     
  0.79172392118917723        2.9591464631160056        10.419265326371395     
   1.8746588517727767       0.30594129568830186        18.720577205135697     
   6.4329589250929926        6.6622599984101534        5.4004505391321711     
   3.4204319492195521        3.7112794884893421        14.371448218176319     
   4.6681540143221048        4.7414442468251030        17.332242790947511     
   5.2987422181005304        4.3819214045046992        5.6302676012273825     
   5.7919015939139191        5.0446790259804057        1.2892648143421228     
   4.2511769632497431        3.6021715446291713        12.334298204254829     
  0.85160029212491339        3.7894301526084617        10.673152930196260     
   3.3672009199025883        2.0298581836052962        4.2456873810113143     
   4.3256660423613846        2.2846666803959055        18.752738850327031     
   1.7896249331873493        2.0511118728991762        4.5040590753851673     
   1.6436148122810308        3.8479176779536122        4.3182324077430918     
   1.0983360996856706        6.6808016445597032        8.0633731167585445     
   3.2812278978178657        6.3495731137157954        3.4741967512618968     
   5.5333437673892174        5.6715090907006029        2.5463330045229045     
   1.1339348938003693        4.4886844297174271        17.852614882555365     
   1.7069470194581506        1.6833170514335314        12.116698149322994     
   5.6907915204622830        8.3859601278834725E-002   12.864789472574293     
   2.1886159488956292       0.64381533084669196        13.281902665898752     
   3.7850857045276705        4.5560309395263419        6.1534701683542758     
   1.7010762043527281        4.5902881015448678        4.6118533888849589     
  0.98748258146598145        3.8026688024108219        5.7009645880088682     
   6.7971119896670587        1.8192312256763654        3.2963089650556765     
   6.4362645896137796        6.0989408761612722        13.614656233733379     
   6.0320940469454571        1.9066370590336039        17.908930139697716     
   6.7500009071020743        5.1692028270059778        3.1716196053992647     
  0.86418559471349543       0.12305520203658962        4.9948104178770754     
   4.6354804359458885       0.33747454325157977        11.190292808846568     
   5.5619639995402714       0.85157126041882880        18.360143834586573     
   3.3233810731933833        1.0338104529160561        2.1042997440150830     
   2.3365693000842582        5.2303434829406088        12.955943656692055     
  0.26545162655578064       0.73250966818016672        1.2029315600555570     
   3.2682261404292907        2.9142285023658174        14.042032532653451     
   1.9075008037924159        4.3113019196137135        14.509150533492384     
   5.3756207623461503        3.0194989174459264        4.6545959954630067     
   5.2176035868014123        5.6094803190974192        14.452823377634060     
  0.51659003111235868        1.0008958773723871        18.203029552172854     
   2.9603957599090549        4.8342744735517567        18.367653909123124     
  0.52768056713426581        5.0770067257197962        6.2683399538773656     
   3.7606847037663411        2.7033710808529734        4.5185746802019011     
   2.9173662849179531        2.7481008787310253        18.717186176827447     
   2.5044123855741347E-002  0.66869986258366509        12.967479757790583     
   1.6830097405579068       0.95541719830470662        9.1794667931685918     
   3.8339198725364598        6.5857100085090643        5.1088173573842859     
   2.9368513003569019        4.5268819163405203        14.179421971930237     
  0.40975865996648703        2.5466167016108399        7.7853951105254842     
   1.0803355466019888        3.4898887753053414        2.5404036080725487     
  0.47298398020777266        2.7864348194419093        1.4239238908571235     
   1.5143063125574507        3.2181399550320720        17.893599410942642     
   2.9876696217722412        2.2513473106062678        13.152583065583125     
  0.37694099558010413        3.7423293726945612        1.4170333447702121     
   6.5528738391390249        5.9107660440872056        11.348664025257905     
   1.6394637685236448        3.9209240681500201        11.412791330449842     
  0.34235852958887864        6.3140441280175397        13.977503233418439     
   2.2654603676097764       0.24902456325739530        1.9090231926379950     
  0.65252440019307578        2.9982217748599833        18.610743884219190     
   1.3355289885653279        1.0907127868785025        16.701802543015141     
   5.7413873406515199        2.8739811778969502        9.2154407473320230     
   3.5186782528029696       0.62808543802940398        9.9805495089180845     
   2.7494870786036603        4.8406467987979909        1.4951609313736838     
   6.6351759773858934        2.9652386622074030        4.9829809602743831     
   3.8454471050403951        2.3920862279953745        1.3557557553711352     
   4.7636660223414298       0.11008286434080117        3.9147551190728680     
   3.0481616328870151        3.5293388534713817        6.2619684441730445     
   2.2962746998905899       0.11460245191909614        7.7621621714468612     
   6.7972487126015002        4.7546292904719003        14.273758585284519     
   4.1294545890921066        5.5222758137413628        1.9699288291917063     
   2.6058657384226982        6.2613216281009931        5.8890692552786756     
  0.29644960779901813        3.1352253331942652        11.871893851816722     
  0.12099207954802718        6.5222323748953048        4.6365853110701325     
   2.7409187759186531        2.0254061827315697        1.7188846423602768     
   1.9966776324465898        5.9303704971915963        18.199264878069783     
   3.0888592321765058        6.3846749319473597        14.839140095198273     
   1.3175395644335737        1.6036381955915466        13.904399570033197     
   3.0363013855965302       0.26375900121609391        1.2067455558819238     
   2.0014696178562135       0.47681911233195734        8.5531429945810604     
   1.9668238545341918        1.6070784463930721        1.2482505280920502     
  0.71715085366746978        4.5820626243114706        14.417218232867370     
   5.6171912316217085        5.6318709457301157        4.0373321510839286     
   4.5150970745037124        5.7573399277720787        14.792672958951838     
  0.36228928076872757        6.2521236760851266        14.867385321725841     
   4.3844380896961130        7.0079383067580370        9.6793223432914850     
   3.3644387306285721        2.2296268387955420        17.356570100899710     
   6.4109974043804447        1.1067493453526902        13.852991133354832     
   5.2272162859184981        6.7020576537973318        8.3992461675555194     
   3.2867863796792247        1.6833357204682822        6.8494483066445930     
   3.1332141568608534        2.9534106193626344        1.2302439934428853     
   1.3092647062375797        2.2618116644369151        17.982610605801415     
   3.6627864577361162        1.8679047982037074        13.509602579118098     
  0.22668340444566432        4.6486979363375207        16.705939143002464     
   2.2199460257279862        6.9956705978010456        2.8426551459106681     
   4.6556930430599364        5.4572754851012739        10.722788330518274     
   1.9580408477113980        5.6756629594521240        15.193567516322901     
   5.4229260461156228        4.5347402138041062        12.669031689599771     
   5.5502514305695652       0.59957958256700494        1.9691411235279614     
  0.37127185737241125        6.4842799361753700        5.6220536699914296     
   6.3703300778421124       0.68057142928770109        12.532975458283243     
   6.6994402415467933        6.0629631475053749        6.1937514641461284     
   3.4846351604226000        6.6310371219955062        18.782066061194552     
   5.6108999864776878        3.1738157201164321        1.2030672086205765     
   1.8735495573592806        6.7706755672047594        5.4083779265623502     
  0.38191100209235529        6.6752641103578387        1.2658796917011887     
   5.3709712079428122        2.9145144358911130        17.468378975886971     
   2.9666698941228398        5.2066264113519471        8.9949290204550785     
   5.2488026357690414        4.5983710821339736        10.753993420530268     
   3.0469005013305215       0.40778924008395789        18.057632767196633     
   3.7096701454902101        4.4765322579955180        4.7608574693223957     
   5.6381262784323365        5.7176432853457451        10.868331151916149     
   4.6209702659384728        2.3451815276286525        9.1903966792162457     
   2.2321910988495977        2.7590561440831363        15.966719979579086     
   3.6724090687162345        1.4933742344097072        17.829310047583096     
   4.3681885423081264        6.5171420125952784        3.6629840210724667     
   2.4369316744485054        3.7661378043162488        10.692874580033990     
   7.0067899898509030        1.6796461602638686        18.749253629493239     
   5.7778478496414181       0.53685432702104985        14.930452188448056     
   5.8859970196403895        4.6550279003900510        18.778820784075499     
  0.14284285542498565        2.5061814246104928        16.622827769676739     
   2.5001090569276898        6.2419008102229148        6.9619148062341552     
  0.79617981910912450        5.7823393660386442        17.818481631560449     
   5.1030589230854826        5.4528779594452912        6.1191023381229899     
   2.4584107166181033        6.5337913376858356        1.3396010643025418     
   3.7752248831588067        5.5331579656542473        15.158877427691181     
   6.3825197324537744       0.79663458530431719        16.650684820234911     
   2.4676357750574747        4.8577441151753114        4.9433694452845458     
   2.1967696392421474        4.1685784984530878        5.8822323088790505     
  0.81845717273262608        4.5919004488285138        15.523633271042733     
  0.63063689549054303        5.5742162571384437        14.296238940040507     
   1.7108864800935613        7.0213695823139330        6.9814330193826173     
  0.65193891071442134        5.5971410163638726        18.659287911729425     
   5.3591387913583883        1.8101987029198745        7.4865024316491118     
   5.6270342042694361        6.0752906395707384        18.192626939975508     
   3.7067429941602756        5.0016273088737258        12.639983850550639     
   5.1279366866395666        6.6299464535548713        5.4110038270784786     
  0.48998505347403315       0.30852548783615336        17.374332498277713     
   6.8681349384080006       0.50438642461419980        18.798455878605793     
   4.7220654808579265        4.5789003477075392        18.753092168123377     
   2.2897373465743134        3.8441429959811342        1.2499034703577840     
   2.3260517529211753        4.3770830591870595        18.074992802298940     
   4.1178166562368848        4.7435483989069889        8.5980744223969339     
   5.7287326890931309       0.21220547553975896        10.319023761855036     
   3.1526824608926494        1.1740556774604356        1.2058756630068865     
   6.5052327547077491        3.1258084865106590        18.738723323755206     
  0.90279537776115315       0.74495662574177823        6.6217681370292283     
   5.7561092450491813        1.7963502347439140        18.800214227710949     
   3.6191001209877545       0.18793572106502762        2.2167137231564635     
   5.8021177016333949        3.0486034188310183        12.793876407249540     
   4.6140876855065001        3.0909884227401885        1.2611471315458120     
   1.3537887123894292        6.5123645580851770        18.708217908588836     
   2.4522958203818770        1.5518029531466964        4.6722480768611039     
   1.4039141028217865        5.4596756848605121        16.810530864926960     
  0.97601461323607985       0.76663044397462832        4.6892053115487071     
   4.3819993080331461        2.8729266136218885        3.6708437401436131     
   3.5037183313955640        6.8391422484980540        7.8747284891688132     
   5.6812969573507148        5.2983563450741951        17.938940406006754     
   3.8731083527590484        5.2767086571201327        4.8499388106294337     
   1.0515043081246882        4.2764275408045309        3.0519581017693755     
  0.99334988104623312        2.1281475467986506        18.795056883518345     
   6.7244421784226693        4.4305460139985824        2.7788059146673745     
   4.6519426666978996        4.3547499983338191        13.937473186323070     
   2.2831885827776417        7.0311251094819740        17.745453792921211     
   4.5027543065203215       0.74192231075488069        17.732818588224898     
   6.6329966733073453        3.3557334500412517        1.5588515902569020     
   3.3819363846447419        2.7523227808649877        15.661861927261977     
   6.4542223253105426        3.2484410750253443        12.381758039095843     
   3.5464648860605728       0.92346021806015732        18.788294603153123     
   6.2780073420440665        6.6826175052050587        8.7855371162816454     
   6.8812362595363910        1.1706362407804480        5.5788914182556111     
   5.9072021550346090        1.2838763889338118        11.096766935144245     
   5.6378690315445033        3.7948816943598769        18.753779359654686     
   1.5195151262938436        5.3555568159397042        1.3968011051272853     
   5.5385657014949352        6.6319345642409351        1.2541812963049446     
   5.4296346822517521        3.1995535669977919E-002   15.821374096621430     
   6.6629857515176978        4.9030421367957580        2.0984394136724389     
   2.5296070944435276        2.5775540946354956        2.7803989723817928     
   3.2370480950026645        1.8364560356257278        5.8632967378722523     
   1.7820994967150945       0.56713729429371362        2.4392593841732144     
   1.3868349562661946        1.5459966609433486        8.6771583451034626     
   6.8175313133287654       0.46758576818627418        7.6364685824433796     
   4.6107266222613177       0.35379441672909373        18.749198489366034     
   4.0897163812684818        1.2535626426608280        1.2413629364918999     
   6.7645498479373565       0.42657430186556078        2.0152806140014654     
   4.8747701214822072        1.0464127381557755        4.1539185700100969     
   5.4565155422430394        1.3601188479215649        1.4585727756443085     
   3.4524579212603306        1.9008221016291482        18.725856717450775     
   1.9390124924372381        3.5224170199144433        8.0973843431143173     
   1.5165385235317557        1.8090783206829908        7.1995910061593600     
   1.4125577824475106        4.2818029432219777        6.8080276686788830     
   2.2766584383593838        2.8560951108785342        6.5341163710322476     
   4.7365159886041370        6.1763824923727482        17.905314014292724     
   3.6463387005285965        3.8570722528186572        1.2228695694065523     
   1.3279149362871334        2.8763977298941792        7.5241551224637995     
   1.6884509560451686        5.6405453102786662        3.7501872237028535     
  0.53088873203195142        1.5127696621144668        13.097162294767857     
  0.27638918449142513        6.1120752235597298        7.7351035670110244     
  0.99754187944696493        5.3971735370490057        5.0264719403382347     
  0.29973299531720621       0.76642219308146398        13.787085041766568     
   1.3153441785777369        2.4254928610316582        1.7612654549766573     
   6.6982066440594963        4.4720440632454475        17.704541691580157     
   7.0501161150672500        6.7560022691009083        11.634754512999539     
   6.2484377540393643        5.1777049236740611        5.6856650272158191     
   6.5320470988207990        4.8499775547844598E-002   18.307200788696345     
   2.2593977286689362        2.8768109624289018        7.8913807845463140     
   1.1307784697704781        2.3392308943215943        15.479133630034287     
   3.7009713354328468        2.5811800134257497        7.9666733267418852     
  0.75626163487212061        6.0866565977315537        6.8538937234434378     
  0.61491832340114427        1.7368195603896961        10.423760954443429     
   2.4708906438954066       0.93248197687129064        18.602143849073126     
   5.5268572610090887       0.76622341572638819        3.5527219580224219     
   1.5310272325019210        1.3461671624936105        18.778903313886900     
   5.4553999476875825        1.8874579483234852        17.249094616062077     
   2.1831881427737541        2.7375212563235114        1.2250291490093110     
   6.3255533772088475        4.3032578362778025E-002   3.2395610447660728     
   4.9119897747170960        1.2158863403650950        11.998377939658422     
   4.4767527530373785        2.3895035473993120        11.458787373883778     
  0.26211397761698835       0.34744757212476957        10.033819340667835     
   1.3676712743994244        6.7202959009153078        17.749277201932856     
  0.91630173073506249       0.53584220380030123        2.1283701680428346     
   2.3577667651685092        1.8540222016936028        18.793750591252241     
   5.2859710761809264        3.4534722695928846        2.0211216821238174     
   4.9010042891827874        4.4604075403860657        9.7388296479267673     
   2.6937846057603196        2.2509462027832301        15.558731955059516     
   1.6651148041267516        6.2011329422594219        8.8581800800871200     
   6.5731578170658009        5.5792332687804693        1.2061517643108071     
   2.7902651071741196        5.4314133371465587        14.104241935787007     
   5.7829502396566488        3.5449563810104223        5.4219251929470378     
   1.3794487680000374        3.8672283459179422        18.766717813049549     
   2.3931964550656959       0.10387127696880548        14.093772402001928     
   4.9651180329171369       0.30622813001125831        1.2232127564623931     
   1.5874450932088899        1.5991799146536878        9.9862656055227355     
  0.66450178390442671        1.5261700673324512        9.1007685499522832     
  0.96240786409993029        2.9425936144082927        13.734746253773046     
   5.3051607739408260        5.8221445533164280        8.8886471880861944     
   2.2648931693671956        6.0604688254808154        2.1417227332262039     
   3.5577806059429173       0.48789587614562729        6.8869420248939646     
   3.6452750414341697        4.7650521392681577        18.787369739360564     
   4.9442190052855945        3.9803004785219525        6.8995849381222527     
   2.9337634365108465        6.7906434511007694        6.4599156781975271     
   2.7869220421745164        6.8531481790355597        11.756145022671676     
   5.0749167178496428        5.5388999729811026        18.797009534092933     
   5.1766034149827060        3.5035014328734331        15.726991516172959     
   5.5809474202604559        6.7278875625085472        17.340019483853393     
   2.3878733629697693        4.0850663905648892        15.905766925111930     
   2.3594167844656888        1.9352180432020516        3.2666209296654762     
   6.5967777164953816        4.0975909560823345        18.692035909071084     
   3.9255802283609951        2.6303109403082323        16.221339718653926     
   4.6477845745539890        6.2579800681463666        1.4991786270509064     
   4.1663708390779011        2.9710108363033574        10.526416332819371     
   1.4099094255539497        3.3747487729891614        1.4534489656988185     
   3.4657055829556604        2.8240451543290988        11.825707895051794     
   6.8341340910865931        5.0394582402461978        18.709352425323921     
   4.5065092548814532       0.18285285353141700        5.5086433726819806     
   6.0899979458427893E-003   2.4460610026602803        18.408370561346359     
   2.8698814990986241        5.5741407005711983        18.797845815955899     
   6.5392656017493813        2.5950594404812484        2.1102337484543554     
   2.5488287043571463        5.5675592734163866        1.2016640019407003     
   5.2176820562877344        4.1231238615799617        8.9834123176419372     
   4.5366443027271179        1.3988059901036334        18.778958653386056     
   5.2290300800594318       0.88268712484808776        8.0917743069779089     
   6.2165422588116357        1.4686938241010954        9.6468597748975125     
   3.4383695086268218        6.2402636759431660        1.2160487836411329     
   3.0228323246316546        5.2410222822306682        17.737145568379297     
  0.40606994981304079        1.8890780917773575        1.2668957382800716     
   1.0040840657903283        4.5055876251308655        1.3884356781024996     
   4.8669735726774457        2.2667406318058019        14.542643193596655     
   5.1145157857475443        1.3308301980957908        2.3361663519117859     
   6.2760576956618674        5.8004012304142663        2.0831218959352880     
   2.3779844623585897       0.35827368538019655        4.0414944612459465     
   4.4749028831403681        1.0896766323261398        16.931817125484031     
   6.2969580083685601       0.13015721846058359        17.444238155738070     
   1.4427635074140823        1.8845544502208285        2.4037057746569088     
   4.7625404187477978        4.5248430190222688        1.5518398141338909     
   2.5276039180934267        4.5503095758270433        12.809968185787799     
   4.4891572894891327        3.5891693691417679        18.677884813209655     
   3.1065525275722368        5.2383408790838066        2.2991025833391041     
   3.1551016205014135        1.8270765397217668        16.481773511674639     
   2.4565664889225571        4.0740830833898407        3.0096522069555109     
   3.4028347086657482        1.2505421281301357        10.679519871092895     
   6.7966362429605303        4.3327193174144005        6.9911817050834433     
   5.0010012549196695E-002   2.7908211033928740        12.542634534955793     
   4.0179025227562812        8.4719306209974393E-002   1.2351597755503161     
   1.2215318345654720        2.2707235005009912E-002   9.1813555126875048     
   1.9408604510305976        3.0490459384632733        14.773935255697307     
   2.4109434802141254        1.2606471034156750        17.425147736200781     
   3.3535630113544692        3.6109240076766143        18.503577682402060     
   6.3617545534506537        2.6458660413520385        7.1996741048467641     
   2.3333371501113183       0.21354286019614716        14.857125516212765     
  0.54409305957584653        2.0124792237174822        7.2707461380611411     
   3.4861719585133457        3.0618691981601089        2.8221671276680831     
   6.6571557093722449       0.77682180644780618        11.201618210635917     
   7.0122306668236583        3.7655773264030556        17.032902370858434     
   2.9570441738615618        5.5911905543381089        3.1490950706742402     
   1.5605298059937556        2.4446974496856551        17.225153440133308     
   1.5535510757065010       0.26834426694391339        1.2718510619562968     
   2.5776999426604106        6.8898189090357729        18.781979098738173     
  0.84645235203109392       0.99791823002755609        3.9248000753555981     
   1.9861017087962454        3.1902900935045961        2.2640439745344021     
   1.2973602927848153        6.4285729077327618        1.5294871735555564     
   6.9072685203739423        6.6151932018576556        3.8703743127302945     
   5.9656148341152049        4.4672788589163721        6.5176447057848748     
   3.9059553830770941        5.7036454253196087        18.659693892386489     
   6.8296323104355086        2.4803432050275225        15.290494875716918     
   5.6374663754873158        6.8567183635120283        18.697847452679234     
   1.1086852916312369        1.3085818165159888        1.4606975204261790     
   5.9561288422945573       0.26456159414550184        8.0848593734583911     
   3.4863926514082415        4.3707876330569988        3.6278462191309995     
   4.3063445585746090        1.2785958064934391        13.860733726270894     
   5.7573385907210550        4.5491991794609650        9.6549884001332664     
   7.1918416713200761E-002   3.5437904976920875        10.481872155191221     
   6.6566452874105497        4.3051118958567924        1.2201106097067216     
   6.1210272017392091        4.2382755876821578        14.919880386948709     
   3.3385038028861960        3.2109285289520169        10.955425746774505     
   6.1220422267424910        4.3528127359785689        15.777645149450148     
   3.7087951252695470        3.4806227944739945        5.1121513760174215     
   2.8231808214712442        1.1621461959271084        8.9989339457267548     
   5.6521130181974879        2.2689955229864740        1.7169580687341801     
  0.48916661212639234        5.6049236551600883        11.724451658999492     
   7.0101267868762589        6.1672156860621596        18.763746151792507     
  0.96506539145718606        2.1436874805669559        8.1296028373070577     
  0.18101853944435714        5.7652088029148398        16.895681987228535     
   4.1188156465335011        1.6434888647866950        9.7590755933698485     
   3.4081162940198612E-002  0.56906064347047558        14.974125439227116     
   4.4165780558641412        3.4421802129539931        6.5633937837615681     
   3.8257434842248168        3.4137840956491834        12.958570040639225     
   4.9201927244756680        1.7355028500424383        15.788550229944958     
   5.1189905761005328        3.6915791451444115E-002   14.050570076741987     
   1.2479540697949965        3.4202433180493967        6.2121632174832433     
   6.5970219389262743        4.9583016158734834        10.090294424724876     
   5.9726821198277662        4.1237533096794827        2.9037902689764503     
  0.40701570821309069        3.8777178220577584        18.349917095295528     
   6.6753239629742795        1.6017324993474567        12.283752203696174     
   1.3533500662933080        3.9973168485616339        16.369782252867868     
   2.6450036958573984        4.7882011612119202        14.895261219896991     
   4.7977149625787012        6.4290146444609100        17.012830066819539     
   2.2908943337200318        4.6427403643097112        2.0317561096324579     
   5.7785029004327431        1.6668996406483783        4.0166045118170839     
   4.6942664333153612        2.5438093931667405        17.615084555297816     
