  -14.926217151945904      -0.51554031998536365      -0.14898738217132715     
   19.378189595554080       -1.0983393095911278       -2.3470637271662858     
   6.0887440235134926        11.397463434186035       -22.700152707186572     
   1.6149023738092085       -10.055713142202757        5.2225282904279160     
  -16.451659548994257       0.98296795966800410        4.5102095718407993     
  -5.7123527445413460       -17.349867253271800       -6.4475371826994303     
  -9.5395220224341255        8.3718071638072313        5.2598374044006331     
  -16.962586852339189        5.4365062773522910       -2.1881309618818205     
   11.900913379279807       -27.977067497699142        1.2502367569334720     
  -1.2311099008878645        8.9355160739801584E-002  -9.6636210209100806E-002
  -8.1535924483011151        1.7925992866665095       -1.8152507875712869     
   10.752515500155100        13.108899692602675      -0.75373581619168328     
   6.4368937561998392       -5.7989211674819714       -13.456626447923266     
   12.246240426223894       -14.545291099364331       -5.8613101104282190     
  -10.229618165363636       -8.6918261715297831        23.163072159582693     
  -6.2575566428564766        3.6572316847883299      -0.24230026290836232     
 -0.17836733564718904        2.5636659624721960        7.7536641120209433     
  -1.0115920612082074        1.2576673963057201        1.0169492193351304     
 -0.25742591327890008        21.516238720760526       0.17837048331347732     
  0.83362676154710535       -1.5848602218121948      -0.85573553034631855     
  -14.658160280271348       -4.7379089340872564       0.72903672368811856     
  -3.1922612329653899      -0.69833929309799736        9.6974541840398096     
   7.7045256440033008        2.5041824188614106        4.8513697839276819     
   2.7723151052516899        3.4129610021624122       0.33412983014385705     
  0.57540368653662888        7.0565431509769594       -1.3338044850950945     
  -22.864957321819531        17.242789825949647       -7.1851541635708109     
   12.565243642226219       -2.4424278900840628        15.470004586833591     
  -25.890653218129000       -25.708273677262717       -3.3531347929833926     
   7.0834435336195058       -6.9632033455000704        9.0388312702240601     
   18.243827445042101        7.2099423337397628       -4.5588059889217289     
 -0.30717818176571332       -4.6008332780159478        4.4045209859896163E-002
  -5.9112502773365980        6.6721971556287851        4.1634511111678938     
   9.6808404674144377        37.538501920112047        8.2618417742483796     
  -11.325696987782207       -28.531396742697208        20.812623412921464     
 -0.57877167821404440        20.007138794596756       -11.251182931008154     
   1.2856502791646767      -0.76239090232230711      -0.64455614299020358     
   3.3904302222853522        1.7814233737191814        5.5839306203178962     
   27.372944406813097       -6.0567136663197880        8.8871452968881073     
  -4.8322430343697675       -3.3762225373438515        4.1812491879015852     
  -7.5110551180116341       -16.031696369730483        2.1241713396994233     
  -2.7378942083062734        4.9103274344894716        3.2586846577699911     
   1.7006904400410685       0.32045414695808888       0.83039782053247435     
   1.0719127229588683        1.5901462239170649       -2.5505037006305225     
   10.311271244148221        1.8258378500905272       -12.625733665000110     
  -4.4887150417526289       -12.819472877948899        1.4891433569905861     
   20.012968258919393        2.9173012815100003       0.25762177627571531     
   4.5316692156225420        10.154391370481855       -21.084147132636630     
  -1.3953444746578336       0.40816556603733256        2.4523585190486816     
  -4.3096990167445002       -10.547628215086247        3.7831714734471484     
   4.9069373982866837        22.090978653368179        17.150459599851239     
   1.5337192688591232        2.2500421538436863        4.9992202614584915     
  -4.3833040675581501       -1.4780581638585317        8.9189898258900726     
   17.618333516528100       -12.474595528745679       -5.9748262388451758     
  -3.4236229487214596        18.240287392152524       -17.761645276400863     
  -6.5364726102500539        2.9234079190759865        7.6006871482639040     
  -1.6813152571082679       -2.0627867474026149E-002  0.45920176555795328     
  -2.0131013328460696       -13.136315376037423       -11.945764754889023     
   5.2736257422808031       0.14136680038406327       -19.993388721762603     
  -6.0126822960238266       0.76587041110694831       -2.5562701771022622     
   17.178662756469723       -1.1863338949396023        11.458143664570917     
  -4.5527088091160435       -4.3104523169313165        10.441351152826799     
  -12.684163030949588       -21.105643120896953       -11.171740920240609     
 -0.98319216765118900       -7.5244075834230086       -5.4360031765462118     
  -6.6934025298225075        8.4370133606591029       -3.2509583107808893     
  0.98902151118645121       -3.2465251736255385      -0.32848329318146524     
  -3.5442684134916873        1.8707624494925934      -0.38557523709397967     
   11.989558778084884       -3.0752997544622152        6.3462817356864125     
   1.9744997559111037        13.803709205989481       -3.4053390230219880     
   8.4260939672034993       0.65300895318436836        11.142323475551361     
  0.79976783342018720       -1.1315600283426942E-002  0.58469674007200256     
  -8.4793936900858604       -7.4153545518319355        5.1490166419534589     
   15.088966335561350       -5.2432723654337012       -28.608933160196596     
   18.307655025793217        6.2120091446087606        3.6341464819603786     
 -0.51769938563511175       0.32502875298842521      -0.49680540280648666     
  -4.6966608114196067        16.594032937398030        2.9991531745688840     
   10.023777587238644       -6.0214883556777616        7.1133867824870025     
  -18.004113273675170      -0.90029121687572711        8.4988565879489624     
   2.6151835466828093        11.450103964658609        11.269159222040594     
  -4.0769156212302109       -1.3377333128752580        5.5305117050085322     
  -15.948048063265196        10.996813988889658        6.1923057931889813     
  -8.3176553289579918        5.0718923169506418       -10.392078968142338     
  -2.7076636287607507        3.8283622308840521      -0.52267161603314949     
  -8.1461373732943692       -5.9600287777598169       -19.355149524510214     
  -6.0818055142047385        12.928399489127191       -2.7619350103295934     
  -22.035225212642956       -16.571837931272697       -5.0718791236525682     
  -23.225231588892008        6.5885823206625940       -3.5910434363788450     
   23.227900134544811       -5.4922187040296606       -7.3890590673961452     
   17.110613825482339       -1.0942392408939159       -11.946249674479143     
   5.1712875089009458        8.7268960810303327       -4.0242056476319439     
   11.982634868564332       -8.5233929323013715       -2.2999399192230769     
  0.46661212280626330       -10.877182591802320        12.074873655373977     
   4.3586651663046538        12.401092386314414        13.438825500479570     
  0.26265024888117294       0.91181235479802192       -2.2269524118863107     
  -11.971502697920890        1.6403426258738634        4.0372416010761683     
  -23.080076901599824       -43.614086036240202        19.592395983610032     
   2.1073344684003561        1.3304656584105359      -0.21547832670809944     
  -9.7878775814139249        31.875678760358920        10.993874809452466     
  -2.9942686814463362       -4.4097314551592630       -26.615784687123607     
   4.2216701245527002       -6.8232912118364579       -8.0396442620737059     
   10.556021035270255        7.9070785889239001       -6.0418886316440750     
 -0.37581648865859735       -4.2676274511468959        1.2889612442299587     
   5.8409704007663148      -0.57119876390948798       0.26082254523885057     
   11.134330136746522        30.677837827207924       -7.5636841449303880     
   2.4719044809329751        6.0624255771305632E-002   25.859412545062565     
  -4.4755200095743595        4.1657749870042027      -0.64182755452005247     
  -23.545546504962502        1.9023240496564362        12.403156571304361     
   7.0202142672642562       -9.9295508711188560        5.2842775743844426     
  -14.551114996419901       -11.350131013754487       -10.261978529413815     
  -9.0171369531383601        11.858236570753917        20.144424696246457     
 -0.59205419367834244        22.958338856268242        8.2886471102684887     
   12.110922873332578        14.706624710307418       -5.5047914355155143     
 -0.73341834757766400        4.0665032445263130        1.3726132054369207     
  -7.7874553122557462        8.3275273618742283       -9.4964493250610857     
  -15.885913146180368       -6.2775181626948662        7.5128822038824303     
  0.96479985090413289      -0.17780733422094872        1.1313073134114360     
   21.042465991241119       -12.454534852509120        8.2891433691640906     
 -0.92951455296937335       -9.4854947896796897       -27.100396515321194     
  -6.3167670836171936        13.991420067656401        24.110325951828038     
  -8.8569506205188429       -5.0627156915499469       -6.1069375116722426     
  0.67497470883334398        3.8956225175170598       -1.0612217032489148     
  -13.789401081216297      -0.14787470999613200      -0.55971241410386829     
 -0.88037490258319695        9.8909624824309894        2.0947197835535145     
  -15.650485620649446       -13.324265912809233       -8.6376258405088731     
   10.281436432192635        2.6046518727341659       -4.0901322216872327     
  -7.7952969238504108       -4.1393964632440463        6.3864166955122306     
  -2.0617885006711623       -3.3035251562798655       -1.1879180143089407     
 -0.12037973562779844       -4.4849034072018092        9.2272861180586432     
  -3.7335042515735797        11.883982586494939        18.541881972904857     
  -3.5047722247776858        9.5561917246292474        16.885504733775825     
   26.024683947787508        25.999410836047442       -12.585434385482159     
   1.9561611728915724        7.7809107935461528        3.0028903634509732     
  -7.6227522720985075       -10.141081099904540       -2.5864186974105512E-002
 -0.96714758928327615       -9.7700998296824419      -0.14585695142829844     
   5.5710681783076090        16.753040633574567        7.4744355605123971     
  -4.6114459589992798       0.96822328139575853        5.7992085132826006     
  -8.2738816887033284        3.0048304185172321        4.1545757863619901     
   17.590704048209162        1.3271097550393425       -7.9003906757314271     
   9.7990671389703028        13.409006144475768       0.14710525045329884     
   1.5478421813181142      -0.38104444224377393       -5.2215882142149922E-002
  -1.9626428661628958       -21.999861348004050       -10.395130473058041     
  -1.5878198631764824      -0.22248710975144459       0.99312695723966427     
  -4.9519762744191675       -3.7603542204222333        11.041464997033948     
   4.8305142505601388       -15.211198656298770       -13.559041185506528     
   1.8783594004967670       -4.9806402635716580       -2.5943909054085368     
  -6.5114330368591906        18.636667950346254        4.0146268456654211     
 -0.49401658739961346       -1.4662510383826710        19.313394081068470     
  -5.7701281072348722       -1.0486103050952440        2.9427132214749401     
  -9.8529961644053650        3.9867689021881874        8.2545013804019334     
   22.030452163528576        11.090544723175904        6.4950266491140347     
   5.4289429700593272        9.4724816382691088        6.5687410919561744     
  -1.2404778880738594        1.3175796714737651       0.74394062483651346     
  -5.3852632629949513        1.7469642315701515       -10.212439524466163     
  -14.510326853229472      -0.93556794659990450       -15.851803049060582     
   17.682695503218202        6.3848350919324401       -4.4728968908807909     
  -10.143713995128000       -11.220968741573074       -3.6334723035526841     
  -16.600629106452082        9.7570511006669935       -11.839181954111684     
  0.51044494695743814       -2.3133596146183582       -5.0623408175284075     
  -9.6523135365484389        10.317455079383143        5.4910115589347823     
   5.9005603780266584E-002   5.9506104813762031        6.1922324869693322     
  -13.953868640659277       -6.3333159638066840       -6.8762011971304364     
  -2.9150944771004235        11.016327647683154        21.576443920388552     
  -17.137371366012331        3.7110632132528711       -27.532979871355863     
 -0.27635568919917514      -0.77016917282272823      -0.62053336510298207     
  0.94886694057954879       0.48241548161342840       0.57936773419497001     
  -11.689525475222810        15.943100601022689       -13.727124701590277     
 -0.43305240192893163      -0.90778083502074314        1.0482488225306539     
  -6.8798932174704097        17.404087268160357       0.96967869069169821     
  -2.5412417754246652        15.010223641890368        14.137814328966570     
  0.44906445929286298        3.6763880062787391        2.2110628445782563     
  -2.3954055950877851        1.4021129187277832       -13.210253443849179     
  -4.9906303459685706       -5.3637279451562865        10.531748760025156     
   7.2760810721726710       -29.399728529612112       -12.296327778856730     
  -6.5641315625400054       -13.567518248487003       -8.7907023567545206     
  -19.313713474216822        20.419139863846901        8.0863159874155333     
 -0.98964065052960415        3.6808539412274643        1.8064721318806056     
  -4.5455887266086803       -1.7093906962579719       -11.191655999706231     
   10.613733845037249        14.940798681711135       -11.336904691285099     
 -0.56853143494988811       0.73225833439156651        2.5395155280782560     
  -20.915555789625881       -4.7328161754359348       -13.886143755317372     
  0.41137353324796949        2.7182952117839765       -1.5831259381945522     
  -5.1377582960647779       -2.8783742525921858       -10.020237843074923     
  -7.6516916345023711       -8.6689347754061927        27.756810532128313     
  -9.9385024143267096       -4.5749352732660480        4.0209586632586669     
  -20.363587978833429        14.458925313473353       -7.7216394076158625     
   1.5014026907384599       0.74430031834689114       0.36893349382258356     
   14.965477168080502       -11.894608715193415       -16.719863972185774     
  -13.035969338466113        11.806776179334705       -12.501868839047455     
  -19.340988398753236       -11.669070140815776        11.407996644699946     
 -0.91459057639504138       -8.7338328725291738       -17.308816794919988     
 -0.52873928675380888        23.370029105552430       -2.1262506375773058     
  -3.9721807673969667        1.9863828583648084       -3.0335191607142908     
  -7.1407436995778708      -0.46904234533411437        23.376066694821965     
  0.10574340933913323        1.2097952241356484      -0.41467653261733789     
  -26.146128871066139        18.653393678828024        7.9464224088714355     
   16.468897225013187        2.4578564897875221        5.6520951894283051     
  -5.5947637955707012        21.801028541947812        1.2346374253347843     
  -8.7760048349337207       -21.580677004718989       -9.8654680448849561     
   9.6030659140363959        13.059820117254745        6.9996580638766872     
  0.97653469759676181        3.3074411040458349       0.60981129614290086     
  0.94169905948707322       0.86583244892429090      -0.98166610463300186     
  0.30722394510777729        1.1641541862073090        1.9843470957312677     
   1.2991331682957523       -4.4080588380592722       -7.8360220841140071     
   2.1394867048949222        17.882100243150486       -13.045447710298030     
  -3.0448266689438390       -12.392978481842194        1.3077824168161372     
  0.49161854151594420        2.2402080383550973       0.49628842762191988     
  -2.6417831558180276        1.5517440159513003       0.42486991546047104     
  -1.5526401484627399        4.8347702723192345        11.660409188053118     
  -9.7843723799669033E-002  0.64674283093155149      -0.71112360852180578     
  -10.076693226384712        1.5266890243215305        6.0172813500958435     
   6.8215178156151710        1.3519063410331018       -2.3665079167130169E-002
   1.6098825755557207      -0.73594808201855866        1.5981812596641172     
  -1.2598838498165223       -2.0576218094940888      -0.67329495088249136     
  0.85519097633566643        10.976653715875752       -10.738060245051074     
   19.679718242101380       -5.7024246358895478        6.2821600100352495E-002
   18.111828231580546       -6.5753152595429070       -11.138686396356668     
   9.5981246306953132       -1.3551621248624586       -7.2400345710541538     
  -4.6746178068773645        10.532611869952451        7.5954792266417526     
   9.4670940145667046        15.197903207887222       -3.7024637206433475     
   8.9038806305804634       0.26224202340420494        6.9292931506138977     
  -1.3208638601146152       -6.5424152542189811        2.1806164139582638     
  0.38748124506033449       0.29858693464863295       -6.4041191954460133E-002
   4.6653935417071999      -0.85769359967925540        10.216288332129954     
  -4.5287037713651630        14.799597301871087       -20.089047787824605     
   1.3710150393757008        3.7111532936133867E-002  -5.2945887050911216     
 -0.29295565756192687       -2.4866288394867633       -3.2679237515510997     
  -1.0467858134576224       -1.1262800893154790       0.81916429975458371     
   6.7530421734957997       -16.133441540782169        16.383370768872410     
   1.8623582518669530       -10.450878167928414        11.626628950399802     
   1.2036651398960783        9.0335070588464475E-002  -1.9674927471582986     
   2.5983574839875110       -12.911741288603105      -0.18459588002351610     
  -9.0620522008192737        6.7568435399371349        1.8563197941229816     
   14.598473423807020        2.1086129732345174        11.693778144449670     
   3.1297719697836257        5.4000810848304424      -0.34929605232867156     
   1.1946420735081626      -0.33960547260468865       0.42340073550689550     
  -1.0150010020168838       -1.5329285651252644        1.7537702426894541     
 -0.54815168331496567        5.6852479447262336       -13.001805526394907     
  -4.1758251933370794        3.3509135812447051       -4.3684097061313389     
   10.798989750270138        1.9148739399291714       -2.7828895441674661     
  -11.519162643661835        5.0136238603059420        7.3100890171363364     
  -17.605571096357366        1.4684479529201622        14.125852934761900     
  -2.8379825870314064       -9.4841988170098155      -0.21987477333622418     
   5.3084580134002985       -3.0390106883234047        4.9839932540056582     
  0.11494604413155421        2.8240469814086473      -0.88320151633503219     
 -0.58788228131799269       -1.9338086328050001        1.0066262548471137     
  -4.3277739998328046        4.1133620132281941        3.3853156418080301     
   10.053464494633422        2.4132742838531502        16.941460361287600     
   2.0601089946904749        2.5230523270329295       -1.7167110079507086     
   2.7038127513259558        2.2136255847834718      -0.57184622897082960     
  -2.1273807411330403        13.730204698184997        3.6258470496108601     
  -9.9019245739656476       -4.2595959599648889       -3.2398397915784409     
   3.6977863352988631        4.7144031511643414        9.9062163118780937     
   16.377827074074538       -2.1494415897943258      -0.83563044610002146     
 -0.32500695795002926       -3.7883103462469996        1.7647732894125825     
  -1.1922779105972536        3.9246637031321630       0.23598450810283747     
  -1.4181900885908003       -3.2098274504934401       -5.4513536955997015     
   13.500503549450269       -3.6549581825680524       -21.497163916933363     
  -3.6216653836786592      -0.33708527856492571       -5.4923624140992144     
  0.80329968022925180        5.4777194495864805        2.3846848169502728     
   5.5326830937062210        10.961969878442158       -8.3316944716107582     
  -10.546005145228472       -4.1837762929517321       -2.5025193311570657     
  -3.0113548634786307        3.4467217361535654       -7.6796966158059352E-002
  -16.306910959374882       -1.1303071553988289        6.8587031422342539     
   8.2644036694403713        6.6925387836738164        6.1532258451179667     
  -4.4993731727885589       -1.5580824236219346       -9.1243004980085480     
  -3.2746527004147228       -15.052578099414667       0.73647028996709463     
   2.2357331726818761       -19.469708351099840        3.2511242529711812     
 -0.23517125100057784      -0.88857230433668422       -4.4196925711506063     
   8.2613826329669031        18.589692147568961        11.198408039100745     
  -4.0299425262965061        7.2750625393914472       -15.936390457427940     
 -0.33689747349943733        15.419917911272863        7.2032111135610824E-002
   1.7894150397687287        4.3844201765111448       -2.0543828312044847     
  -1.0183790894957623       -2.4815782853545141       -7.2817931756173433     
 -0.81924077189520894       0.89378634759731412       0.12499239679857882     
  -3.3809890586173141        7.4502111516968696        1.3661730835566444     
  -1.6079584784709853       -1.6560048802920466       0.15404452654787423     
   1.9562931927696008       -3.1755697435352825        3.5354672879633600     
   7.7508280018011630        1.2222939544642673        6.4042029676060510     
   9.3441909272984667       -12.094034709758503       -2.1928637015840677     
  -7.0308284313181089       -6.5882323334317343       -7.5750480699783003     
  -2.5499378503771633       -3.7825182989829700       -1.9489845868219113     
 -0.21413399060211999      -0.13073432412962363       -2.0304362593642784     
 -0.12088945336924831        1.4653931587769973       -1.1643228120725602     
   3.0316605480476113        1.2838595836003722E-002   4.6264455060890501     
   9.6597269248974289       -2.9556959618313003       -2.1536517060961144     
   16.263563153143480        6.0041842822736324       -5.0350777225006080     
   11.055089384350746       -6.9297394120829221      -0.26884627902491032     
  0.19077145730097758        1.4494612393960649      -0.39192398404899170     
  -13.455002330902413       -18.924489992568677       -8.5152368521346986     
   8.1056151701194334        11.307017373218047        5.8225081927549844     
   2.0438467605082749        1.6384058881227119      -0.30152737058404105     
  -15.054783461281836       -19.249685481242306       0.84028171060830992     
  0.53746326589523885       0.97113813798177129       0.42625324865864112     
 -0.12056906608157580        14.310027807151867        5.9392535837573002     
  -12.254863440321014       -4.1526511224027667       -12.631301377900119     
  -2.6879554162449839       -27.999364043990614        6.6649769032456572     
   12.757722675834680      -0.30245987666426899        1.0038279464156332     
  -2.1429505506801312        9.4552280634320116        4.2202040556903002     
  -6.6361676029525185       -10.365041322787235        15.403043357256918     
   1.7887274206025454        1.3153226859986309        2.3370607747302472     
   19.383992183481880       -2.3213067124855797        11.418521023399292     
  -7.4333201922202292        7.0504517301665643        5.7810899382844383     
   3.2771061264630834      -0.12364769063061974       0.93999735720262478     
  -1.0826257528089946        1.1415148460491302      -0.60462566207759605     
   3.9091062280410678       -9.9858918725452313      -0.19587422580815833     
  -10.708894396220209       -1.3679676357895951       -2.7615679005521407     
  -2.0152615983254372E-002   7.1996086025692989        4.9485199594073377     
  -7.2763042779830487       -4.6663432245857770       0.22123527611607102     
   2.8773600380803241      -0.12146463959234319      -0.62607919511911769     
   5.2536290473069949       -5.2721124640161330       -4.2024340203880621     
   5.5176291185085567E-002 -0.27755335845665352       0.78934717213131811     
   1.9039117246441273       -14.223108628208491       0.73240475292698748     
  -5.1224856818840969       -3.0100401085725945       -9.4613032264453167E-002
   4.2352259657405238       -21.995150696687382       -6.0514289962277834     
  -1.2827557912938639        1.3696744550696020E-002 -0.86891903136091420     
   13.623503712087091       -3.6436397904938111       -10.432536567524441     
  -2.0432825991661678        1.5923217489174259       -5.0409461063948875     
  0.27157129147881959        1.7511432105702938       -2.4942856011097726E-002
  -7.8131188621533649       -4.2711485960620221       -13.845566693825251     
 -0.21918743437358978        4.4687153130580466       -1.3807467897251600     
  -10.468308673981463       -14.202915388113457       -9.2536729845978254     
 -0.47681831948946185       -1.7808555426716557       0.26184726758990212     
   12.580050893172364        13.228674432731852       -6.4161445943705235     
   10.978668535443310        4.0637453891531496        2.0534968776418299     
  -1.2969295391873923       -1.2489659053129576       0.24521305839507590     
   2.3757268860916034       -10.531156414651271       -7.5940475202659812     
  0.76910329338238337        2.4386393805722006      -0.74003922547328460     
  -1.3016876897192466       -2.2220576310562539       0.91043801241808253     
  -2.2391449130141305        18.527855826265750        4.0592447084004339     
   9.1566473203591947        12.038027345832793        7.9072020467754163     
  -6.2488059868290708      -0.32889028838642437       -6.1297533358442626     
  -3.3621106635117011        9.9239748924780695      -0.94939777256920499     
   4.1943180809911720       -10.350236193362491        4.3854597563771742     
   11.786662731596980       -4.5969252358347266       -5.1564562307350306     
  0.91042821464234647        5.1051209907730684        3.7440958945601719     
   1.2893491856740058        2.5869810180899835        1.0648521878295214     
   21.019655113317285        8.4384874104122805       -6.1565795472357596     
   1.2656772673154590        1.2534933672400315      -0.74674327747487290     
  -4.4004607575030485       -4.6485182987318083        3.9727955914518991     
   4.4739278414425675E-002   25.071983818785633       -1.4726050978854317     
   7.4156810654875400       -1.8380211059001859       -4.3784711974282731     
  -5.1303715856209617        19.969302564183970       0.96631058177577822     
  -4.6248104001809072       -1.9772993896778401       -4.1660043265160498     
  0.76821487360659824      -0.85106875735695475       -7.1377064757859250     
   7.9389899222612789E-002 -0.11421611951245469       0.91709746609889675     
  0.30702151175852116        5.9633751091516176        10.920411097755849     
 -0.85959034666778111       -24.356427055409402       -2.7142425870471203     
  -2.5662412861770751       -6.3759006980932069       -3.4947074303946009     
  -3.5506010610443584        1.2991529484458146       -1.9997571859142698     
   4.1618777017339497       0.82396572206891228        8.4054351376101550     
  -15.589261833902738       -7.9447432685784438       -10.127842093660888     
  -7.4672934065525833       -4.5399922485489439       -10.431472163454339     
   6.5479480335218847       -1.2725196882431138        6.7822802221012060     
   7.0524091502118900       -11.962583175623161       -11.034106402466405     
  -3.5118620132886567       -2.5578806866401615       -9.0954346916771289     
  -3.9362545021949091        1.7812762901549442       -3.8702905322325312     
   1.4624317605247337       -1.1199700135270767       -2.3598846543022716     
  -1.5700305870413866       0.67293825971405141       0.11122840721317058     
   1.2025462715781068       -1.8864878587234628      -0.79733460412117596     
   5.3630371449900514        11.959278098885024       -13.514475211112490     
   2.6659741462496682       -12.341360387678987       0.71527704312068729     
 -0.11659422829092513       -1.5700727338238178        2.2875198531019492     
 -0.95712611373384437       -7.3222445491468786        8.7781036234150616     
  -6.1981974369402000       -12.934337798020415       -6.9818830465857538     
   1.9438119939265852        2.1820807723768345       -1.5350879271976268     
  0.25529292386367108        6.7591947174847453       -9.8399835775348699     
  -1.5291770389600587      -0.15279028635773451       0.13232137741908995     
   1.3576154179970246       -2.3751198448835296      -0.92421403706635397     
  -1.4066438908457359       -2.0074858970899858        16.655197132075152     
  -7.5818320084653719       -9.8560416441213583        2.4031453510423968     
   18.384987762320524       0.17608711768288593        16.136507160344078     
   7.6554843186369634        3.5055759815815786       -9.6197448781482588     
 -0.56332837346943676       -1.7908932256402843       -6.9017010071417619     
  0.72210815369148695       -1.6660768538083397        2.1179172756157207     
  -15.857537464774278        1.3871516673153164       -8.0971490011484146     
   11.728665652149123       -19.685906779116628       -13.120993431047390     
   4.2004391287613272       -8.6575429581350463        7.9505523814550187     
  0.66162599441378356       -2.0788136724429536        3.9356661574708771     
  -8.0834613835319935       0.17328359036113999       -15.276011504197756     
 -0.42353717399871793        2.0019734445557127        3.2225367099639715     
   11.636543895607110        17.396422699403896       -1.6948250631337364E-003
 -0.50498033969223399        1.0943961756145504        2.7685139523888815E-002
   4.4017232958627810       -1.6714878792711647        11.977653376102925     
   8.3259051290363182       0.95684377165481371        7.3492898005050709     
   7.7966506592941389        9.0441589289716157E-002   4.8689156140054353     
 -0.45054681168790905      -0.51220089952417380        6.1612893655635990     
   15.008936035386075        3.5682805029464424       -2.0029747660412522     
  -8.6405223755900025        5.6720698126140237       -1.2183039282538626     
  0.82882857940667642       -16.634607673216518        5.4537752318307913     
   3.9614078237455335       -1.9800032757637676       -14.234405787879911     
  -2.3154302473979347       -1.0370724260648312        1.6869558384739576     
   8.2037638293597972      -0.57310667194981946       -7.8686570819396184     
   4.4855950091005008       -5.4859609628312116        3.7230948388258684     
 -0.98498473162916267       -4.3507258159142950      -0.59218795733328700     
  -5.2001548541930003        14.122111609072357       -8.6905220571503925     
   3.0672840944148718       -12.806704089647072        1.5332793703130676     
  0.95005365602840985        10.871273294461293        5.8105682308981024     
  -11.713613999403265       -5.0554468940041613        8.0322917744381126     
  -4.6414720566592074       -7.1376923658269043       -12.835185066120873     
   7.2836092285119562        7.4113842268075958        2.6290824295491664     
 -0.42657541509244645       -2.8732417744370777        8.5098719249796577     
