   2.2857468565126613        5.4087519866700262        4.0061456072753376     
   5.6952167135600300        12.954011599195445        4.6633816266961556     
   8.6052161722192775        10.022999496641122        6.3019869075953272     
  0.97151914146041685        10.093001242604945        1.5150710373192999     
   4.6601041158983634        3.0403312100952613        3.1257241020552256     
  0.42913360371236470        5.3433351495079350E-002   5.9724684917631432     
   11.834497241085165        2.7486297541680957        2.8954316577192802     
   4.7248972626522585        11.276278480496112        5.1429301349606229     
   13.605956741166732       0.64867674014836108        5.8987825148893558     
   11.419630224950863        13.361238007472195        1.9244500332179570     
   6.8620980512702303        5.9195236780372591        3.5781665169995174     
   6.3259412583777888        5.0192580852087518        3.1783885623758659     
   10.953882723987590        11.965503482429396        3.9026291188587527     
  0.15823791608259219        11.533716664122517        4.1011831854100356     
   1.1015295606881581        4.7970983958741868        2.5490015908585786     
   10.603725951977312        2.2204922451830420        3.4440673469182528     
   10.818590039230020        1.3114509024863403        2.8905722896527339     
  0.26967436067089318        14.412510119674849        2.1734444806321296     
  0.40251302386411675        3.5258829522356936        2.8432394408806285     
   7.1828599077298465        6.6572783215019493        2.9253721564552180     
   2.3304268439056530        15.554299873571578        4.0029054008404881     
   7.2863404136478485        2.2083969830666454        4.6530046575175499     
  0.88926557846406895        15.321115154610094        1.5372098610664269     
   11.822799785430011        2.4993507564790338        1.2930661936157126     
   3.4904410824168206        2.2828636943486065        4.2644815814294823     
   12.945899352894836        11.783163580421199        6.0045999828394834     
   4.7344252180647626        4.1964758780645601        2.2220614800878571     
   8.9352401667697219        6.8855311784899031        3.2069067562334790     
   4.5460867980109185        13.054740177581845        2.9467790385060315     
  0.27237325327348499        3.4691701124619030        4.8477584162861920     
   14.101851230213034        11.247989451728280        3.8203152611246480     
   11.897247606743608        11.783183719029303        4.5869191333714143     
  0.98803981546645880        4.6292305707684296        4.6322271252769260     
   8.5547837727840843        11.742540958902190        3.5053263418223071     
   15.603865536797571        6.4773756751408040        4.1509661267426123     
   2.1095766919096146        12.380730377302449        4.9113182020081938     
   1.0758567600094848        13.969747735767513        5.6972938992544133     
   7.1697897058254387        7.9837183438608585        4.5225906772094806     
   13.441047618930206        10.458871522382594        4.1772347056161037     
   14.631369371889447        11.537812363162367        2.0167013689382651     
   1.0899659577766783        12.795400576863816        4.4750767575169634     
   2.4948134885308528        11.829711243279311        5.9200174541852277     
   2.7459183877151530        3.6576236259292374        1.4534035608331375     
   13.790240669136137        12.113356151720907        5.3587606452834580     
   12.318315162483136        9.1609254662219168        3.2690341909043665     
   5.1288469547183446        1.5093405982344812E-002   2.5131284640066371     
   11.217326570930631        7.9881522552173365        4.2525228875450898     
   3.2590928276137445        5.3570993090320993        4.6229788675369772     
   12.438878771190923       0.77651999388691839        5.9658348474776206     
   12.788222102450913        9.0051766610015438        4.5942808031234685     
   7.1269833304765671        9.2611407852899924E-002   4.4451943550436166     
   2.6333238374234846        4.0063292407202260        4.8713441559463533     
   1.5594610507961342        14.195200228688963        1.8263943020096709     
   3.7971615860214589        5.9789956866110066        5.6422909678451596     
   8.9481637325534535       0.39062719733623325        4.3386562223621183     
  0.91392498428029378        13.004034170967580        2.6121447125207764     
   11.501129743664494        7.7928879843971526        5.4256722062746716     
   4.4067427394208432        2.2083709676549002        5.9942081714660382     
   4.3930663048613630        7.6206724530396173        6.6858550027152903     
   6.6010119401032554        10.491915887661794        5.7418201320319717     
   9.1982068884246608        5.7654688743377465        4.5823826344993259     
   12.042688549586162        1.4249778028871924        3.2232476645407924     
   14.747865770461196        9.3917367680860746        4.5703982665830400     
   11.584734496012418        3.8220153032177242        1.5010670196832414     
   2.4043474436404071        12.491424874186047        3.2365944019352031     
   14.686065099819910        10.389513403056258        3.0674131691609041     
   1.1484227937144027        14.259888965638970        2.9835875291640974     
   3.9737215077291781        2.8909007453998297        4.8718864447982106     
   14.840468723492418        9.6248105860632194        6.5148266074037187     
   2.8570040445406422        13.251778752004331        3.7837864632499474     
   11.088224254446601        8.2284224806311190        3.0543393350440140     
   10.091020350865495        2.0502910269423089        6.2250660990101876     
   15.669677559839135        11.194539057304382        3.0765596936683486     
   5.6973270190080116        4.2303791325906133        2.8142297086828489     
   3.2400725150134484        15.465017298012008        2.0361912810162526     
   1.3761216998900634        12.577735229899874        3.4330512669427917     
  0.23182523508769748        12.677434513833306        3.6798939246068487     
   3.4437660246279251        11.376076562526809        5.5383839000509036     
   5.2323853721216018        11.055177344285156        3.9812580643790576     
   15.412294806687616        15.190058209425858        5.4165936890601749     
   4.7398207197146336        10.150554397379130        6.3222278244589578     
  0.93961046589469166        10.750998455508148        3.5230726978855329     
   9.9643638896909366        1.3502536390152495        3.7948375782782788     
   7.0423628226753854        5.2631640338525347        1.2576926171089502     
   15.084778330574519        3.0070178425803440        3.6589086335355949     
   1.7488582023548631        11.893949798859888        3.9908314914982137     
   11.989477954822414        6.5264797458814163        1.8251687770088989     
   8.7971496676251544        2.4682220921870655        2.8532240009406644     
   4.4026713257362537        14.518394635130633        2.9071676522945551     
   3.9585576109558125        3.8554663713476551        5.0183810104664177     
   2.3430994404060783        14.317331531317338        3.3325108238027257     
   15.217630078446184        6.7998441797638840        2.7427880600438215     
   1.4471339444692419        5.7650919298316010        2.3223978714562441     
   1.9917016427046712       0.88760376693589604        4.1304650463482133     
   14.338547662090940        8.5718626120562114        3.3616462194456367     
   6.0774680092599276        5.9531849452428611        2.7529494466459670     
   14.155941813659842        8.3911875545793553        4.5273721930685360     
   6.6974461229487341        11.395997473164954        4.4272296241530942     
   13.603293265682796        12.249588560885748        1.8473559367541166     
   5.8304139595884612        6.0672852493731613        3.8703235479699711     
   12.784568766835596        4.5625190322925642        5.8398924333458986     
   4.1440013491828234        15.706062136770267        1.5862505625059407     
   5.8913903170460857        9.0694343515136584        1.6011830073167852     
   15.777486629730159        13.507460807698623        1.8716183689366617     
   3.7804603010925772        1.1270740675692916        3.2167301789445388     
   12.975227423640142        9.9556028935079510        3.3723855591963932     
   6.5526107018862927        6.8488065713388835        3.9602125137445130     
   11.487399216531108        11.863254393212644        6.2714181639259872     
  0.95476859197521946        2.0747127929277696        3.3112541671092295     
   12.613999507422104        3.7020979897734994        6.6103991430006914     
   8.7082062525354615        1.4770836195139010        3.4931031094511975     
   15.623869301662237        3.1962211839385087E-002   3.5905472435860917     
   1.7363255331037084        4.5172218270764475        3.4861751797050586     
   5.2768777503958990        11.349428694036515        6.1033369866322680     
   7.6308676448674175        11.286203867219340        4.9171375957138279     
   15.160629089416432        9.0691907365069646        3.6508301265530756     
   1.0224563363966528E-002   15.702785654405847        2.2036819361844269     
   1.8051339143799097E-002   10.975751461734378        5.1372369837572940     
   4.5096937545417566       0.89133112866008546        4.4096012580927031     
   3.2583446934938411       0.22142053042092696        3.5989995563940949     
   2.3325559944684677        15.334488378343638        2.5635372607620903     
   13.709810446477448        9.5595062377815516        2.2648781084486189     
   14.154696066348000        4.2282378378687797        4.0143493170411713     
   9.7322041747491692        9.8125216468002492        3.3050303243020163     
   14.161038528463287        12.111120620331782        2.9853300008760026     
   14.556973657183191        8.2911756189252586        5.5696754479604769     
   6.3566276814277982        3.7682752386088851        3.7129370326477700     
   13.605097436911427        6.0965859327539862        6.3391036441093469     
   7.8981663347172741        7.5528032540303576        3.0721219939792266     
   10.900618322367254       0.73793661659782195        5.9941832024034438     
  0.31789586653232449        7.3222461690412013        4.4840149712209483     
   13.157928648993906        11.543948482704726        4.2894318542724656     
   15.226995761427160        14.851121004171612        1.7241567693874904     
   10.741725706213671        12.895197533734697        3.5189046111712221     
   2.3605211989632076        2.2633140326183909        3.4155690023383141     
   1.2366973896672406        7.1775960669191505        1.7546750446651707     
   1.0732928851190378        5.4618094541494617        3.6050597801707780     
   10.768697116102159        2.2585767018189720        5.4041779959110228     
   2.1713294520034325        8.2729265997624850        5.2304704285366777     
   2.9210845247532831       0.28129864196161203        5.0359687517378919     
   5.5480126678261392        14.816561968658187        2.8804119723091017     
   11.816178652589135        4.7493434137485089        2.1826394902240187     
   3.5378794066048069        5.3867958724024501        3.3453126201369190     
   11.537599899966343        7.2960071495236853        3.0835568358554499     
   2.2960381136873633        6.1180563455320787        4.8293240158712214     
   3.9504463814015067        8.8650374142518551        4.9863143215760521     
   8.7909198489416056        3.1618710381431825        2.1028692888555578     
   14.815146756132114        12.945324797650718        4.1138371440041563     
   8.3250633435154882        3.0397145775111252        5.1742686779865714     
   12.665988289919328        2.3676001668251572        3.5887687847346799     
   6.0602947579332911        12.166455097631886        5.0699050038525995     
   15.155735678805868        7.6361789318261524        4.9293114376734657     
   8.3195386468647676        10.438345626287862        4.6910123206039440     
   3.8535480735777505        11.425613947283212        4.4377978780041829     
   11.195246554711710        9.3002714656685956        4.4338534972156136     
   2.5449882718951207        13.675738025188345        1.6470431938192374     
   1.6056639631923129        1.6349129569471805        4.8585781500498593     
   9.7483259346748881        11.100636650152541        4.8456858108764314     
   14.873194121358100        5.4636157318751408        3.1144980282668993     
   4.6194076936304187        2.0563614169413889        4.4276952684772883     
   7.4742833435218454        3.2645312892395095        3.9092797263008907     
  0.11516593787706458        13.951363311560856        3.1442408118486473     
   10.187548311424665        14.106563952126086        6.3688479371327587     
   4.0075309178228666        15.559949174371013        2.8596354862991218     
   11.681235172886410        2.1543458919631964        4.6611050732626129     
   12.954105150805626        12.803619621718495        4.7483724587713807     
   3.5828750132270528        3.2250893719090752        3.3840120618365916     
   3.1121474638119961        12.894262124413205        4.7568353022119476     
   7.0591548977763310        11.330017318335372        6.0006480569306531     
   9.2991751925756638        10.231297503281075        2.2865063536876113     
   11.945444656088927        8.9014942726388941        5.7303747107972072     
   5.1572821442242134        4.0983424611879844        4.0840231080724916     
   3.2025246392941691        14.340546507829437        2.1442280773620555     
   11.321302286595877        4.6824229324201827        4.1971489393464143     
   4.1753364150076795        4.6818579591004141        4.1299532474558935     
   9.8826037168625511        5.2437020954522353        3.4819692024949211     
   15.577352498579419        12.021168035623250        1.6766906972121756     
   5.4193556611131326        1.4238829011724907        5.0673937817498764     
   2.8597562501011398        11.877315080608120        4.5305027928121806     
   4.9345487696637962        14.917441471790237        3.8174624799735621     
   5.6072981405675888        12.585541854695920        2.2820103989806744     
   11.172818268925496        12.327296663940100        5.2505696285328423     
   10.413261518087268        5.1710310270503070        4.7557431048096399     
   6.6214111719029756       0.89884557402194476        4.8047805216484187     
   14.647591056932239        10.362670280459339        1.9878958307500543     
   9.5108313226839929        11.627737193058939        2.1268217858538532     
   1.5599791122226316        13.481896763517222        3.9058164178739818     
  0.45266515433004423        9.2235918630629339        5.8698652273079555     
   14.478825493956945        10.736557844336945        4.7048512012534554     
   4.6158725934475324        12.202062609959981        4.3225866961350912     
   4.0490309736449088        12.452053469129233        2.3292006288746214     
   15.336811110985591        3.2244494935607317        6.2602547673912161     
   8.2895491927282681        2.0629569585285661        5.7009407451344796     
   5.8955829638515942        1.1912090996951967        4.1418779271708832     
  0.77099861581318829        8.0825919929006993        3.3982261655985160     
   7.9123470607264483        1.8148443304801245        2.1012877627493953     
  0.89418873198565563        11.333595200804805        2.4335018049172663     
   7.7566190931146153        6.0863278753428709        4.0751471010404350     
  0.38913102083012474       0.66288653875242010        1.6557010540373105     
   8.1602099532550874        12.244373638007353        1.9565009943863800     
   6.5376609061294211        7.2361850849479694        1.4700683619995916     
   3.3251967979108805        9.6182140239242226        3.6623840656393143     
   12.677062193636610        11.741948253738427        2.6322616305021258     
   2.6370501485603621        1.0204214729628827        1.5065502024796535     
   1.3185233994990093        9.8272738201348311        3.8042890834299965     
   10.766459696127558        15.358815752050484        3.9878772490418024     
   6.2390527960578019        2.2220437567265394        3.2264020230630024     
   8.2023076264254282        14.506734801084306        3.3651999130959980     
   11.148031101406804        9.3059668360047887        1.3977453370204191     
   14.701702758513619        12.855600097372411        2.0381722682171897     
   6.0879966969077666        10.411656549052895        4.2300604902748598     
   13.498103413093443        6.3371271436961765        4.9682717461912294     
   10.463611093790183        8.3550482829738435        5.6798639023652262     
   6.7536171729008885        12.711195342231985        4.2879672621373706     
  0.79135986904119060        6.2477960542726780        6.5956435647966698     
   12.705318410921286        2.0077297870510589        2.0649110009349787     
   4.0594033591313856        9.5496568327119391        5.8288363743140348     
   6.9922689753341505        3.7345961523840163        1.9635085378599397     
   6.1395648370585549        2.2500746966802616        5.2077049257934194     
   6.1389151906012298        2.8128186272538751        4.1330937468985436     
   12.319266529184230        1.6889908214147160        6.6557280734523721     
   1.3288267806674925        10.215981092628390        5.1648080247331043     
   6.5161796320134675        1.4737706161791739        2.3289661172713556     
   1.7513378929093621        11.475903230505143        1.4112468829191205     
   8.4978945430132757        8.2729435371611597        6.0917141649155173     
   8.8187866999160125        15.452785059610331        3.4292764339254256     
   13.008025905942128        15.713572697166756        5.4036218590297418     
   6.4328090544708809        8.4385347185107076        3.0855687335608835     
   10.924472267927483       0.74994419754578512        4.7552247562281620     
   2.7860941570567301        12.605376835110293        1.8378302592872295     
   15.139498827226310        12.774409722049988        3.1008698258825715     
   3.0793678740844501        9.5572261085620855        1.9548697356069415     
   9.2982831439073284        14.715702586933865        5.9943387687344156     
   13.295599182977613        5.4569593524533708        3.8959382932665214     
   3.0555067798626272        15.171554994516599        3.1591285697045284     
   13.983449378533381        12.414100433066256        4.1359789865779701     
   11.526531390176507        3.4457450903358162        4.3525808054723099     
   11.708728886018307        5.2665445144972791        3.1447789568987763     
   4.7622437059985492        3.2826437053193942        4.4234227103306942     
   11.914906241172798        4.2329166711663619        5.2184179780509847     
   15.152211044405627       0.26816110830057938        4.9532275912717898     
   11.868261262621775        12.180826407445457        1.5869735981173438     
   5.9310356262376454       0.40256879001957230        2.1159246278126602     
   2.3191062060280077        7.2039912620657978        2.6237860994257978     
   15.545129404047087        13.359047976386876        6.4198311660917993     
   11.003394291029801        3.9312229114339647        3.5124634258016334     
   7.7542591955520006        10.819936008008414        1.2035204606109520     
   11.322911646825105        14.983010404232118        4.9121072609396359     
   9.2818524606086399        11.274450567426086        6.7203277244922051     
   4.3945683742908637        9.5513739190016498        2.6010173243851202     
   7.9197490336902590        15.145856583363498        4.1995613288072624     
   10.372246489745795        14.651010764869682        4.6373079020107353     
  0.39910421458307005        3.5147213156836941        1.7768679478783196     
   6.6993475434726513        1.0107480353608835        3.2610297826213728     
   1.6504538213830915       0.34565330928934113        6.6904048934084548     
   6.1121652727708584        10.976519190745496        2.2296438622916117     
   13.751447756854127        6.3472225874369848        1.9280959195673826     
   6.8514098893466144        14.977259299963089        3.1766957051724192     
  0.56601325431744642        1.3026631488652634        4.5417443939077859     
   12.623213922069230        15.667239215569639        2.5226233185530478     
   7.0263503387797321        5.5109085387853112        4.9134427536463683     
   4.5530251554470018        12.265739910150923        5.6909450497557472     
   12.580524939226175       0.95175152003394259        2.1278319704474042     
   10.273569120947371        4.4907985748211594        2.8063941279834252     
   1.7745314539689960        3.0837303812156631        1.2898499855668790     
  0.30807455315227961        7.1341871545929507        5.9181434531825268     
   3.4099326964841197        6.3500011065424085        4.3976316762661281     
   8.7492335794287612        9.5205587893144532        1.3980656205622455     
   2.9730143467912473        2.9354060811532809        2.4632867556714215     
   3.1460924761004714        5.8699073737815803        2.0196238625555512     
   8.6255386833310155        13.851495000453141        5.0474897888213714     
   5.7415899878284495        4.0204551212328914        5.5247656269807486     
   5.9256095093199885        9.3315837710660432        2.7640149666843068     
   15.407904284488000        14.255193136651462        4.3718889826489908     
   15.079538456993506        2.7390178740687263        5.3734442865272687     
   12.634298287722897        11.010162983640326        1.5052429893602912     
   11.214586801203479        2.1434051064401025        2.1225604484543141     
   7.2563895666525271        13.858397920393228        2.5088645514621537     
   8.6871944392756084E-002   5.8569032300118078        3.0155336705750151     
   12.742893024941852        7.6603813476115290        2.8950429306422434     
   7.0472507233088644        12.700388460227282        3.0331995368919986     
   3.8722171019286158        2.8406904932289367        1.8333003063588666     
   7.1959671953964497        14.012166226032802        5.3859573823605214     
   9.2411097065768377        4.5465821323958933        5.2626623126557233     
   7.9604470295086482       0.30668882681928877        2.5139253103149746     
   11.213123079714901        6.5080446189677685        3.6615862067193237     
   14.011302176361859        7.3644352971317177        4.9034821843152825     
   6.5936841510022157        13.795883123096324        3.3846854208494963     
   6.9115246190099473        14.374180655093841        6.3547129524043662     
   7.0841375937111097        12.898904572800587        5.4385440639065603     
   1.5563556486784875        9.0960536833607684        5.7314387136910909     
   1.6707873262131328        2.5921533312041363        4.2578172302058279     
   2.9457707439509724        4.5626901902808479        6.6494595121833253     
   2.9264625219926286        4.0608312768373453        3.5616464701868140     
   1.6083785169855798        3.6783096741005199        2.3412509818830554     
   7.5550366198688161        13.584717747512290        4.0134570750422842     
   7.7707337046416161        14.277844581027249        1.5465274313207742     
  0.69743926799456268        2.2885568122184536        4.1932096828691581     
   5.0973828189841770        5.8463102676060998        2.6424307882787850     
   10.788401359294307        3.4422907175463573        2.3144156582389468     
   10.288658401852276        15.031321796286161        5.7901140043665347     
  0.29328951825016125        1.6771388495089756        2.1379024025425220     
   4.8159687001382858       0.66209005278123145        3.3765989806411985     
   8.8267831919941724        13.601021691677259        3.2458903616133337     
   6.3200664635716182        13.889178143916080        4.4723438140592213     
   9.8923929527693453        5.2565849012861996        5.9479060654510469     
   6.2402124921737165        15.573602064259170        6.2287118658785845     
   13.716896641207654        1.1576913216871763        1.8805093881943600     
   5.4283643492034370        14.861546718233882        4.8175315716698410     
   7.3369435535519427        2.3546322088190017        3.4499874933430004     
   6.6568130408366324        3.3877554782367540        5.5026059843363466     
   2.4418428277277631        2.4688443429830573        4.9484642016444074     
   2.0730996760197211        4.8889786445675787        2.0982530106302821     
   1.3291488031953078        4.6685473882966075        1.4989446254302052     
   1.6208808429352979        9.9581710539448682        6.3123033073422947     
   13.243882589491150        4.5111320572985907        4.5574844102374747     
   5.7596375181710711       0.26329589042184409        5.2403250895888007     
   4.0801417306542129        11.241745578555760        3.3176541258975876     
   13.044097914330564        6.5162423243369698        3.8477656546260643     
   3.0475695162924272        13.827976718934433        5.2433799118073416     
   9.9978274557384381        15.537489472164522        5.0183431132759981     
   15.288807620542693        5.8562179884722259        5.9766239889933894     
   4.6725975281166763        1.4280869751239289        2.6643464236251915     
   10.834387104438029        12.298926707255093        1.9941448889971698     
   14.924931105606262        11.666935502586632        4.3783226266306645     
   1.1690913780688721        5.9659989326463725        5.5988484991028447     
   4.9937713520924305        13.940459374613392        2.2540205241584279     
   10.753354540446047        11.290301496050411        3.1075703046660075     
   12.356070436069341        12.782387712569134        2.1467734162850447     
   1.5012072347943575        3.0854244361117362        3.4006373199342437     
   12.138632052492092        9.6830775523465089        1.8918479762607179     
   4.8137160034059949        3.2618753856771714        1.7740170554882293     
   4.4103912359306126        8.0541800589957777        3.2469599894613368     
   2.4094626186235972        1.7391563969019164        2.3374118724984152     
   9.7943868238262546        14.382599827314689        3.7447136570808497     
   7.2923225977119124        11.096948813006472        3.5481715404484397     
  0.23717024010491439        4.9053231148166487        1.8252976282703821     
   8.6918453065173669        3.5992654917051357        3.0959018174867765     
   7.7621573994928745        12.254242368042558        6.1036145160814685     
   9.1609814885237242       0.96725142263657526        6.2041090320491561     
   8.6659811965333766        6.9184804854660982        6.3194216357211772     
   1.8897505866322737        14.347368416058263        4.7023241441669166     
   8.4738280231402570        12.088843721703675        5.0736830855474544     
   9.6308128263916242       0.20927121475861399        6.7916832531191176     
   3.6828527353759903        10.870964399567784        2.2736872059297650     
   14.945794709159344        14.016518656543813        3.4086178933477198     
   2.9919491691087718        5.0116277589138329        2.5414123300092348     
   1.2613390294215467        11.393661714798172        4.7927395758560714     
   2.5600526101346022        7.1690683276797884        4.1112660939109977     
   5.1290481988500014        6.0455557551384409        5.0189442738697849     
   13.818502869265021        6.1623556661183976        3.1276099054021311     
   6.6906945354465543        14.774071775248840        1.8937323913988942     
   11.517700809158036        13.651421812714100        2.9311635340862905     
   12.511283422160520        1.0399441250389321        4.7162367711243238     
   15.329294415435552        2.3428362420762499        2.5609962073117036     
   4.2042955845935159        5.8506695610978658        3.9250592673120894     
   5.6192462154823266        7.8627960690373140        2.1446583106185995     
   2.2235249280053289        10.694761556648317        3.6264261997783005     
   3.1948555989058649        3.2723661407874554        5.4319702178601563     
   2.6280085021525035        11.542504547299574        2.6346761820122198     
   15.257758370104332        7.8381250414573902        3.8051353469365852     
   9.1653445759436778        6.2331836072747571        1.9384449960251815     
   2.4584774860728755        5.0369028913223044        5.4647048009528492     
   5.0941136320016467        10.143153130521537        4.5586006003281261     
   8.6104797584056065        4.0900137032856421        2.0523388311785560     
   6.9951496071644650        4.0016071114512641        4.6040377680707465     
   12.112520546213410        6.0883248531960374        3.6017256195682719     
   3.7510691146940291        3.8722025503558672        6.2173737391887078     
   9.6165515424189270       0.21088693525828714        2.7779171553796242     
   5.6182589505554850        14.766938157554080        5.9711001878178180     
   4.2390773249274307        1.7990047835383915        1.6931745379391898     
   1.7966752759563176        13.456686533340037        2.9231699834056220     
   4.2686360386927182        7.0564879026455030        4.0812543799018206     
   9.1764683378275134        14.722846111612371        4.8871954202081271     
   8.4040640374077622        1.2238070906183691        4.8319449339194929     
   1.7086887596381342        3.3470445947013334        5.2397485631658318     
   1.0736427486767857        11.209153886484195        5.7135350282381188     
   12.958663261195191        10.912465867561584        3.5013355085138889     
   3.7749286594784706        7.0800668763222534        5.2225261472318669     
   12.871030527502063        8.9370299399795528        1.9445849728862417     
   4.0798617024208479        13.322064079070495        6.2946182894005043     
   9.9374844159000713        8.0014176620410851        2.6283497650468250     
   1.3381148621864332        10.170543617526844        2.6617957981752145     
   7.3513878671346192E-002   13.348624289902148        4.6072711249079230     
   11.943947070860339        8.4762512368264371        1.8924423720001720     
   2.5726444358888845        9.4378897524073135        4.4652957182360060     
   1.2992160841749623        4.6434103347587268        5.8339625468958607     
   10.634480550590336        3.8307535867548554        5.1214344754262520     
   10.787198403782066        5.5581940193284680        3.8424314644075785     
   5.0515065736764058        13.868034852779369        4.3507924926743415     
   1.8656854708499724        7.5029751339101649        5.8425222296760877     
   1.4469580059729814        1.2467362437541023        2.6257531004617123     
   3.0173693423716901        8.1315934058845407        6.2376898971482948     
   12.971802050055102        14.857446901980959        1.4792788276579663     
   1.4036261099618559        2.3412089496321804        2.1796488164536516     
   2.5838403252478837       0.57497499970070254        2.6022927245268574     
   14.916317936866328        6.5624311554438570        5.2618135060744686     
   7.3874496623015249       0.31010489968061000        3.4321568174060095     
  0.38403921577931588        10.028903698066356        4.8339633612489896     
   11.648232892321150        10.507731702369940        1.5689138915001237     
