  0.64242709528073072       -6.7648100009695941E-002   7.9460567663804330E-003
  -1.1424950615483378      -0.42898797298025798       0.41449731573562959     
  -3.2565927757949056      -0.71601526237733626       -7.6373668136019458E-003
 -0.46579219786390352      -0.48450714853978910      -0.36737288830374132     
 -0.61202126387552569       0.88610724850947709       0.71600554015753015     
  -1.7561002242295554       0.31469911612347290      -0.54443638763873226     
 -0.77973179537284276      -0.56751507854338867       0.86705897040159630     
   1.1359351620461009      -0.46780247566991651       0.27347120800278413     
 -0.64162165216166012        7.2749027847821821E-002  0.59068141280217357     
  0.17609951121969530       0.17618262811094246      -0.31231431390058823     
 -0.36489619914939159      -0.66456891246827843       0.33599196995339325     
 -0.29048206233571788       0.26973223787472816      -0.14885723089865563     
  0.39300002338548390       0.61769888109899440      -0.17676509173721852     
 -0.51429516757946570       0.12677452774765988       0.51882703953826437     
   1.0402377484915317      -0.16595556861085156       0.46060756599365171     
   1.1249239221531724        1.7226292904088891        1.2802023038523680     
  0.87138477370582534       0.19704161545293847       0.53057384860411172     
 -0.90159915113535372       -4.6349063041553611E-002 -0.29758206187038116     
  0.40515800325932233       0.27062907788042317      -0.39643164590219043     
  0.21866494245074380      -0.31350111345373888       0.59686415351861832     
  0.42821892645387849      -0.30391793223602276      -0.32420406857430867     
   1.2320188381033279       0.40595118346600867       -1.0546628639929994     
 -0.47850558381861941       0.32833791083316488       0.56704640062110234     
   1.2186437307396956       0.50877216254442748      -0.98674090586581953     
  0.82522367880275316       0.59694958248271690       0.84275713252618800     
 -0.45650314345961696        8.2644797456146543E-002 -0.54202268105006857     
  0.96611036599221267       0.54255374087136021       -2.8813471448659332E-002
 -0.97933298631158872       0.41313233355367568        1.0156188315665113     
 -0.90637265779871845        1.9216919435262767        1.7058061617838358     
 -0.15982193609796727       -9.1750263331561166E-002  0.97288359447370176     
 -0.46008066655267610      -0.78129946495361124       0.98896642932984480     
 -0.86369302031291151      -0.80184467438935514      -0.31131871855079885     
 -0.12529276544582249        1.9602815728745260       0.25683967959492504     
 -0.60675574202657456       0.12048904145017190       0.63058759304833001     
  -1.0008587985659321       -6.8756153592760480E-002  -1.3468350861754348     
 -0.41966188466868265       0.92155703002189815        1.4840465022193443     
   1.2006559077983769       0.69942984483429738       0.77325312790899603     
 -0.22091371589021561      -0.48389472342967199        1.9493167788642685     
  0.25651703526513581       0.97341264890687829      -0.93959094447142799     
  0.25451485658621092        4.1677971661945520E-003  0.65221827391422882     
  -1.0395628200708802       0.34344221904507971       0.96325656885547506     
  0.31056100329689729       -1.0044980674924380       -1.2506175951908565     
  0.65205483846845624       0.21214110487257223        1.4739718442838656     
  -1.9216979835988661        2.2761355787064761       0.81393282766567787     
   2.0223231451406698       0.95454933353005278      -0.10224675581554490     
 -0.77487187062052987      -0.14568083384983802       -1.5140357132582116     
  0.21171903029428735       0.15721216504593571      -0.38074371183482109     
   1.4287037036761976       0.76718241419874988      -0.87389126717123189     
 -0.43358403808318902       -1.4435997329729131       0.17499660760811647     
  0.24872133192170701      -0.79291076959214224      -0.16337236477433920     
  -1.2195040813965647        1.9163640085302576       -1.9460619414019428E-002
  -1.5506295114897997      -0.14846870448543240       0.14443682595432619     
 -0.37764646300420096      -0.82893850823109327       0.62281934911161663     
 -0.62500747694744796       0.24398615609579566       -1.7508672337641853     
   1.0561950842685137      -0.30708843857450890       -1.0190282008269751     
  0.51942207592428191       0.60202636060110670       0.22482919341044058     
   1.4983517609345844      -0.29560964126547112       0.95836628158880799     
 -0.12219553256828307       -1.8795010661235450      -0.94787852258119820     
  0.44685827510577453      -0.37100646882266120        1.1443555998013437     
 -0.80179663473219320       0.35984203820360494       -1.7570643516403175     
  -1.6109245975327162       -1.4194069951154318        1.4518719722846927     
 -0.29616925323976473       -1.3420200893382730       -2.9930451863780698     
  -1.0139368003985860       -1.3130668053654735      -0.29574417927462504     
  0.77350263819390919       -3.5235008740717810       0.19609774118441703     
  0.28514983274052857        2.1238877978677078       0.11802407849392257     
  -1.5389887016527219       0.73201761257732700      -0.35079886156742007     
 -0.39215484050713961      -0.72256305974271018       0.75361853156252179     
 -0.59253907785235815       0.30599592074809706      -0.46235776393760586     
  0.22393096361202630      -0.10242124532378030       0.13203931574141486     
 -0.76319185065564232       -1.9050097792476812       0.53817492212496421     
   1.5192149098689025      -0.53151477949371950       -1.1864386503578983     
 -0.35291843034634396        1.3424634845218115       -9.8982432978930529E-002
  0.91467620599296262      -0.15246128986188850      -0.86847428887041678     
   1.3982872513218749       -1.7330433507882232      -0.40756631393161302     
   1.5751584248361221       0.61059877898235204       0.95966625782383708     
 -0.83598087140379052        1.5642241172142559       0.56399132267330310     
 -0.39657308832460431       0.72987583374570242       0.77096594446846423     
   1.0920422467314128      -0.19521700274757151       0.83760478114870096     
  0.10167587052373754      -0.26723488949875090      -0.20228988570085549     
  0.58216030768232629       -2.2512258664717248      -0.26521067686106115     
 -0.12394991165830622        1.5012332243323010      -0.15766732018035517     
  0.57139126020645947        6.4279696145229936E-002  0.12909585016670486     
   6.7291771568104550E-002  0.90616657348605156       0.87595749524708488     
  -2.1924271233777031       -1.2840729142572191       0.66957584425513028     
  0.77520322612313441      -0.44987006127854962       -1.1075159294733958     
  0.10180390368222628        1.2531123842388430       0.72039236584456556     
   1.8475869507732063       -1.5109531507077347      -0.21160892734769376     
  -1.8629315190988380      -0.13764033509749193      -0.73373790466843580     
  -1.3598667371835089      -0.32197480519397276      -0.44552174495907065     
 -0.44131642778188346      -0.55562431037066706       0.22087310322898007     
  0.10664898070633279        2.1280078136403504       0.24823127820148341     
  0.59884042494586343       0.29400288941361541       -2.7132799230261413E-002
 -0.81445479619368855       0.47746678180698138       0.68116312980776272     
  -1.1016453567863407      -0.21216499385056875       -1.0219517931387785E-002
  0.38749694906019289        1.7365378964963643       0.74882145671282196     
  -2.1013070812036583       0.52023425292619230      -0.38013168668695807     
  -1.4192976333697001       -1.3316458154709290       0.10410359735626895     
 -0.74550597008137554      -0.21783049858646988       0.15305574255178631     
 -0.85958530599958460      -0.51978423398020945       0.35157955205461677     
   2.2522289778481088       0.12466472844642373      -0.96345925130965282     
 -0.67490125656976396        1.1952139099226271       0.90392856497174667     
  0.34103852128291884       -1.7021499559053566        2.0994834522392352     
  -2.2567618713314412E-002  0.28327517000132907      -0.39586401695328172     
  0.93580144440435564        1.1500476089021925       0.57625429911983461     
  0.53500404824052372       -1.6155970156221602       0.18359533759126243     
   1.4732864957346661       0.33157219438617674      -0.50697884714014463     
   1.0539350205652840       -4.5992708276456372E-002  -2.2772654080093981     
  -1.6025836090129286      -0.56869195513798454        5.2445066879535519E-002
 -0.49245891530283936      -0.23201393617565247       -1.0799782812530951     
  -1.5531192183593590        1.6040319095011262      -0.63311726159292947     
 -0.71644246611471130       0.20240739287124984       0.64805882337814613     
   1.2525660374479992      -0.43925312054511673        1.0000876818073188     
  0.69616745281580250        1.8756547935419559       0.59946241583132232     
  -1.0231401903290054       0.18381598961582388        1.7142271752678067     
  0.12193264220098438        1.0301029443743824E-002 -0.54763857231619484     
 -0.30889114908749432        1.9367601256757667        1.2073922672386477     
  0.42524590011289271        2.6815093013283282       0.56431753798429130     
 -0.99744180370031255       0.35654978165742912       0.31581532231471660     
   1.7843724014318567       0.13726985251761106       0.30215346265259696     
  -1.2960087620845715      -0.49166599842016012        2.1412827378430115     
  0.24505336301590969       -1.4104729039376221E-002  0.69194359321191945     
  0.43171304636642438       0.65317661846921549       0.67757625801933874     
  0.18608676322887074       -1.1456828800624130        1.3861263501396848     
  0.10679276026753894       -4.8008425706018473E-002  0.75655234856863862     
 -0.87749376307678006       -6.5468735948319451E-002 -0.71207371734961333     
   1.4629684899155979       0.44363912039606790      -0.21421697055073663     
 -0.18705859001943864       -1.0542755863205817      -0.98624210688045622     
 -0.17710156472673041      -0.20920636759060149       0.18018760737861023     
  0.85736480627207556       0.95048035886957172        1.8503063713359136     
  -4.0307402864450947E-002 -0.64547449201007845       0.85544992021097155     
  -5.8636538736422529E-002  -1.7153470197577108E-002 -0.69502996468321643     
  -1.0020236244237246       0.12662155614618997       -1.3711911158489012     
 -0.10341956511141091       -8.3711235950985008E-002  0.79053143731116804     
   1.0811450701223837       -1.8803587148596270       -8.1864988631979944E-003
 -0.27198219137933899      -0.59899024184241867      -0.55410979742555155     
  0.37458834122474099      -0.80095644867934424       -1.4696785844743538     
  -4.2150097791142697E-002 -0.12578136976307494      -0.42064382747341744     
  0.97887207798899234        5.3964261692512921E-002 -0.88237452445678954     
  -2.4794400991283796E-002  0.19552653476778734      -0.54779504692135528     
   2.0307862436975670       0.31125321216917906        2.1016431801545354     
   1.5427140520881792        1.0056360365464436       0.77315411872129980     
 -0.38323041473115671      -0.63054154638621918       0.46970665530066574     
 -0.50041074260187157       0.85499563873268380       0.66038141682141249     
  -7.9515400518498786E-002  0.32741177127761195      -0.35391281700513166     
 -0.68904876395730774       0.13565763932507818      -0.79314056639531294     
  -1.3094863054278842       0.14924490515301514        1.8072255633902350     
  0.61047842091576177        1.0687440934337418      -0.49094371372104234     
  -1.9825855765580718       0.47309205225179152        2.5066770387761759     
  -1.4363646854518000       0.51550334416728261      -0.38369212193307584     
  0.16902074162908953       -3.0787559027550300       0.56418830250434415     
 -0.16169173488018734      -0.98778797431635246      -0.27557008103712227     
  0.68218946264407299      -0.46255428962478251       0.85662976453981665     
  -5.6843395456983012E-002  0.62158281395466231       0.94177839003661923     
  0.11401312783940702      -0.33900230500297074       0.18884113648989834     
 -0.59279521702161186        2.3895029557361874E-002 -0.49525040704683160     
   1.6804189094831761       0.31520759869413512        1.2206122951686973     
  0.18542669476358545        7.6946962785112233E-002  0.27064770062147836     
 -0.75703464461669523       -2.8536736867950827        7.8967484087192244E-002
  0.57977441209453506       0.75229658455157145      -0.35979880627234118     
 -0.17646069870856351       -1.5631482904801308      -0.30833994277155446     
  0.43974767928848757        1.7798676824045505      -0.36367397729242856     
  0.44692980178651748        1.1263892766047647       0.38762598999274261     
  0.10354940502022314      -0.13650887144841273       0.95175744762757042     
 -0.60227439595533461       0.67128757681056783      -0.45174404067408341     
  -1.0090041020329206       0.95816835015572865        9.9634588725848641E-002
  0.60554893408524957       0.66334157784280445       -1.3254074839418484     
   1.0285170904071610      -0.10527702281577163       0.15626379875476687     
  0.29542901796904675      -0.13757464289747662       0.79576296835280180     
  -9.7621973293019762E-002 -0.31874889208304819       -3.1338260889718583     
   1.4882317118316271       -1.0311767922661896       -1.2453775191334455     
  0.88681390938938620      -0.79539449724556321       0.47203470762849609     
 -0.28843092849881247      -0.27977092903177969      -0.14989209290530861     
  -1.6114901287576531      -0.31610515941483119      -0.33199399977436578     
  0.74089402800567050       0.42716092055229132       0.90057062661157705     
 -0.11527815492770277       -1.1954428525220999      -0.76589697326269035     
  0.86699862003200390       0.10742272167956841        1.1439655266755395     
   7.4787457136183963E-003  -2.1297396328145672      -0.26476240930964912     
  0.44226075663173225       -2.9382159670826655      -0.38657739745944492     
 -0.43810986199490204      -0.92503318005860413       0.19119798424720438     
 -0.14068916508994253       -1.1521552492620475        1.5030941498351944     
  0.15003347682922311       -1.4836736779632345        1.4896655902712836     
  -1.1104291230681937        1.5853825834155642        1.0086048052115866     
  0.65714528381848192      -0.48054488432204834       -1.9895715087372450     
  0.24399326748980302      -0.20491081837933331       -1.3975593256658227     
  -1.1023026015712525        2.1835703001543991       0.56077294882594952     
  0.22683088035499077        1.5082104271098593      -0.61962582822294654     
  0.45239684336095531       -1.7785762653972155      -0.92897647968866071     
  -1.2347489941954652        1.9464903330010225E-003  0.12832480237832314     
  0.43626892987265775        4.3798289966264559E-002  0.29086115888226877     
  0.69714147547807848      -0.91388126059096697        2.1157695260595144     
   1.0892695925818052       -2.3137601247885549      -0.70956969472991394     
  0.32498739246389874      -0.72218468855002338       -1.1968663513012412     
   1.9606567445275174       0.65016780467571378       -1.3441415165415493     
   1.2151792421512051        3.6127908105366500E-002  0.32764830230612840     
 -0.68313533532229498        1.1097363555981548       -1.2336736995603375     
  -1.5295298307563561       0.93332408110447440       0.25221821548228335     
  0.50880507419572452       0.16084430896456273      -0.89692043838509816     
 -0.20798239259541537      -0.93700902873098557      -0.80822789157389696     
   1.0358255236624632       0.34823358144118538      -0.50636009425986761     
 -0.52471803639459158       0.54177675985176277      -0.55656276583188535     
 -0.49421222074882037      -0.55724791084280734       0.72391712527848573     
  -1.2257679278036586       -3.2924186943820669E-002  0.77389400016310583     
   1.3563879968695909       -1.4992103935571814        1.3208810657852637     
   2.7461568262188384E-002   1.0839221722558725      -0.40034415142814977     
  0.62226205316492766       0.16035870488134629       0.52741320012391379     
 -0.21949808638967011       0.87561434281498984       0.14672356501777678     
  -1.1119836762750916       0.15968050478508433        1.6685156048425527     
  -1.4202265988573535        1.5099200884705160      -0.46642093477219937     
 -0.31397536631677875       0.92987342949671048       0.30265406417394253     
 -0.13480310107158930       0.21704608239422490        1.0217004497304316     
 -0.55082503053519238       0.25077664286788914       -1.2108571327505975     
  -2.7583878448675079       0.38171792356397904        1.0576239838163803     
  -1.1086614605210130      -0.96077807023921669      -0.25126639065008294     
  0.79077449953831813       0.40724147303762365      -0.41140760981602881     
   3.0217320619519454       -2.6183297877928280E-002  0.20473479025565544     
  0.25591835485776382       0.56392274791256791      -0.12854147260848622     
  0.17983665905936924       0.52542638615055470       0.15013125727956020     
  0.86925437597150479       0.42805183686779330       0.83110721640564122     
 -0.65748486737560641        5.5369748402352972E-003  0.38108004271748813     
  0.20636978026022881        7.5532458662034396E-002  -1.0730685108967963     
 -0.71168340826502219        1.5223923604894734      -0.34489785274229173     
  0.10977925411657001      -0.46884965201095025       0.45865418844331468     
  0.47611820852216158      -0.89700102835927786        4.8610478873979826E-003
   1.2707193997634092      -0.44743299082629401      -0.27901875150778332     
   3.8509203712517752E-002  0.27720254966745589        1.6032966227159819     
  0.10037624831646159       -1.8639999691212323       -1.2714825080634298     
  0.41713168514521443       -1.1281787887276917       0.38929851653215275     
  0.50768294951377690       0.85524831553323089      -0.57507864166805400     
 -0.82218344950191014       0.71826923939170439       0.42215593776065574     
 -0.72448825673468897      -0.13592260960260316      -0.85757508490454737     
   1.8568588589352728      -0.91338985094384073       0.77680288394009811     
 -0.35612439372084514       -1.5093226704827636        1.1626395809146619     
  -1.9597847672199369        1.3970650515861514       0.86897296481138098     
  0.46013859494464093       0.42494906324665355        8.5561564451388072E-002
  -1.0897212672447847       0.68386756958998351       0.22135891145088193     
  0.80150550651860064       0.73222429382724352        1.4935809967241533     
 -0.29025480429656764       -1.0227099236513046       -1.1523769424133135     
  -1.7508733118107040       -1.2292661298980374       -1.8263048333869452     
   1.0114723651081952      -0.31945153276962857       -1.6273814657526144     
  -5.8952144900165780E-002 -0.71322300792689186      -0.10937494287370411     
  0.47381549966834047       0.25692842964171142      -0.75698329226802397     
  0.15316954054750928        1.1067250243509581       0.19100928366710437     
   3.3461633644468546E-002  -1.2480652295757895      -0.43238805272073050     
  0.62905784979673229        1.5631666192093887      -0.51751610894646083     
  -5.8800292676444689E-002  0.20108164814205151       0.68975725709452884     
  -1.0507957853945493       -1.2706947102603474      -0.23095122845273261     
   1.1727137660471754      -0.24439784587477720       0.62225273153441207     
  0.78391417065584701       0.16178658223881962       0.19323779091623078     
  0.14005579043193700      -0.66851654552132822      -0.12510984637164835     
   1.2153418205645827       -1.4747043208632129      -0.48854777995900017     
  0.34266399082669596        1.1713466693968821        1.4957198001786620     
 -0.10788918589180101       0.93780559755606352        4.5703183534853031E-002
 -0.36633314557516344      -0.16944112573952999        8.6549095884865782E-004
  0.79534364042029659        1.3457649889502143      -0.18678074124864621     
 -0.72930632340818125       0.79797336348588810      -0.30105894684016288     
  0.45201320236636167       0.25505138559872276        1.1028607117259954     
  -5.8064830905345657E-002 -0.60241494905420867       -2.8790975732419320E-002
 -0.42753430225462985       0.59823569715933955        1.0418391783527419     
  0.18200190865873356        7.0394664217229896E-002  0.65245988845089709     
 -0.43353105379212292       -9.4637316283690098E-002 -0.80639272560132857     
 -0.21610900532242444      -0.20481170416849770       0.42613422915364896     
   1.1682485899145110        1.3448370592587700      -0.62701197091273186     
   1.0327783282511227       -3.2720549887562081E-002 -0.58014774175777895     
  0.37192349218631049       -1.0207637189654215       -2.8136943658044176E-002
 -0.28246029607432394      -0.91386053630541908        1.1089827127601570     
  0.88964509908565470       0.78417548519694502      -0.16032350981958146     
  0.27849135513252787      -0.14752584615895370        5.0698170718807958E-002
  0.19061588626550416       0.69206779228116821       0.39595886389502183     
  0.70734955705552049       -1.6358925257627248       0.87311069985735990     
 -0.34497140746901311       0.10481863003757730       0.44086609457196285     
  0.44178653054222705        2.4816103798277343E-002  0.61924420390170531     
 -0.10096860632888650       -1.2332380660420673E-002 -0.80370297442677807     
  -9.6298318431931540E-002   1.2755743948750813       0.87243393905097466     
  0.10532772863804432      -0.86838382962876337       0.42565284009802445     
  -2.2788668779950410      -0.74528428607511177       0.17283288346876066     
  0.90711939100827543       0.16310437439515538       0.88627668635775547     
 -0.88384380853532907      -0.97489223702689254       0.75977846897681844     
 -0.40318195590315442        1.7434094358175898      -0.80087521252166949     
  0.37726692965333997       0.44838856495023088       0.36191185196637365     
   1.2734597892846238       0.75913642286516192      -0.29957803912129821     
  0.15815758752975839        5.0348488601131003E-002  -1.9810389421974599     
  0.27177738320592681        9.2326154581020600E-002 -0.14958900210474718     
 -0.54360357223957467        1.4924639141534335       0.60919174589200331     
  0.19005069330007862      -0.52445434988198603       0.19190434602560164     
 -0.88836212781770640       0.47575456694978285       -1.1425060094369641     
  -1.1667591615345105       0.89306902616310091       -1.0666492266640619     
  0.36643993533186886       -6.8039823298040149E-003 -0.75864770353083055     
 -0.40574794966334593      -0.60615490894098178       -1.3592780804800784     
  -1.0068182596514699       -1.0981219625129923       -1.7109557866084799E-002
 -0.33148756000155416      -0.42489979695638114      -0.26100633758276781     
 -0.19904656383539115      -0.19881582551954183      -0.43260749980381569     
 -0.72845230463110544       0.42291926967155419        6.8810433455544967E-002
  0.95625010437401914       -1.8839416936850386       -1.6198431018567629E-002
 -0.41221558740957409       0.47342596059961412      -0.60061162399498835     
  0.26602172103108607      -0.27860874126269386       0.45078742036662744     
  0.56870338593023817       0.22073272730330923       0.26028194912617247     
  -1.2793607313762554      -0.17762492445818043      -0.67971039653620269     
   1.0307284530037881      -0.93131070785692627      -0.80751352161729772     
  0.19039607079670348      -0.69284497448427662       0.20930547427285884     
  0.73314621995018170      -0.19852259652249607       0.32590233801247603     
 -0.58361043299763160       0.52584230402266896        2.7839091470111633E-002
  0.12966855874641081       0.68399244379822222      -0.52420778562167791     
   1.1756876055905718       0.48906378517356358      -0.42374345939097413     
 -0.64091541742951608       0.21682552420979656      -0.38684623907879456     
 -0.53524878428245271      -0.23393301199669114      -0.46386616105758049     
 -0.80377335755246138      -0.90089667290971709       0.78298213435253650     
  -1.8956255543716829       -2.1895733809401174      -0.87644781493112578     
 -0.16407313094111686      -0.89792873455251143       -1.7090744620468903     
 -0.64099542977783430       -1.2067988486824170       0.36581721526726751     
 -0.15034931904922649      -0.30444236524000085       0.18392989706813997     
  0.49909398045337522      -0.90239913364749602      -0.41413070997134122     
   2.2669270603125388E-002 -0.34794759807345865       0.27186666576285040     
 -0.26081321937853885        1.2898635675390009       0.80026579388157237     
 -0.72715560900703424        1.1602988510290739       0.72018103908332087     
  0.15159104961864148       0.26071561371334218        1.2411419419104546     
   1.4190597247231278        1.2308618369646220      -0.58769452278745427     
 -0.14039496464554763      -0.97238081413132949      -0.96703859220521371     
 -0.47840804924489805        7.2179893670188316E-002  0.11209101887616420     
 -0.29432600290962202       0.33368691650293336      -0.63221842341227097     
  -1.5056644945824997       0.81635363675398964      -0.32960133151444487     
 -0.71748913869160424       0.11575059916891751      -0.76013411318205992     
  -1.8018174966612810       -1.1400341860401415      -0.94318061785064378     
   2.2736243600766471E-002 -0.67090819195644313      -0.85240709529734304     
   1.5970680996591057E-002 -0.92193295177094570       -1.0529541863952681     
  -1.3960584713743318      -0.12871231388138352       -1.2315118226878881     
  0.49886491118100301       0.55502385147638778      -0.14703178571000586     
   1.6649562136143998       0.45746450480735951       -1.0857480754453268     
   2.1680966273598316E-003 -0.12350595405971730        1.5278002889163327     
  0.62010276362905992       0.69835502295391616      -0.27216896179301137     
  0.90019119247279555      -0.78476868913024433       -1.0934422465187190     
  0.15131918430229938      -0.28294886590726132       0.19499179132738853     
 -0.44229630460860508       -1.1046555281055626      -0.12184249468052896     
 -0.69308902702137043       0.46233523272166382      -0.65243002112030046     
 -0.37093959319264785       -1.0355561552481587      -0.59275038293001003     
  -6.1505036512723495E-002  0.41030011044200543       0.25259869444701394     
  0.16360161031858200        5.3623650314562177E-002 -0.46490406106186599     
   1.1059704392404051      -0.63618440808924681      -0.21488231796030899     
  0.59284059508257347        1.4839656203394576       0.23677288701709243     
  0.28839906007582389       -1.3676807372345512        1.2417595083102992     
  0.31365327632517487       -1.8036224304409516        9.7260455303576465E-002
 -0.80369885119442708       0.36084803841060775       0.88858573599262913     
  0.11556307450067790       0.76063893967476992       0.69697164981566773     
  0.53838410509665247      -0.77637251356572423       -1.9156403167262748     
 -0.34387584441416158       0.98724865403579154       0.12628714166476193     
   1.7336145827275840       0.61213315249114586       -1.4576436247463656     
 -0.82954550138402561        1.6284811420832643       0.18710683199353476     
  0.34969998301401284      -0.14846734231203959       -2.6903969136565509E-002
  -2.5207060078626311      -0.32504736736679790      -0.59254482080980153     
  -1.6485775587305998E-003  -1.9954735396994217      -0.80476874283525202     
 -0.55708061445487511      -0.41801279995659318      -0.88427821890278713     
  0.27976933123176256      -0.82259136408280342       -9.2564332553461331E-002
  0.83455016696650020       0.98164458095106011       0.43543642477797367     
 -0.88195892900867900       -1.2377156191218530      -0.21708379342189926     
  0.15487965813189741      -0.83413783961378696       0.75645536720005468     
 -0.53094502588380099       -1.4594083551214467      -0.33914922347648768     
  0.38171723827511944      -0.49657219909939571      -0.37279420058618934     
 -0.40198918677917650       0.39119793930675317       0.48134529954326133     
 -0.39090233824224518        1.4614494887709122       0.37338261718494775     
  -1.1249860109253360        1.0649643454821747       0.85551083369987113     
   1.5437359389895668       0.30444490338861069        1.0728137269001286     
  0.47136395782686963      -0.41004206758655909       0.33935416366736948     
  0.68429033096690195      -0.87359733458485633      -0.10821795295064612     
  -1.1277208481051859      -0.12610173739861164       -1.2190460926812607     
 -0.36021856733139934       -2.1330041679796328E-003  0.57254538257423904     
  0.39090744902283586       0.66572881271549478      -0.89934635933685558     
 -0.81431957227660046        9.9861887144547488E-003  0.11967656405314780     
 -0.35241836737322046      -0.69864382037511752       0.87723656146980211     
   1.0227664935940479      -0.21297763162462860       -1.0735693877460344     
  0.20637578777086174       0.40254846364684876      -0.13674776383727766     
 -0.37587443189629460        1.0157049005434544        1.0150287720975448     
  0.36193305268641635      -0.67489855148857991       0.28696230323855820     
  -5.6011291936264043E-002  -1.1782229457810915      -0.43823496034188925     
  -5.5454019262356449E-002 -0.29043262315706858      -0.35748297097645354     
 -0.48378867766277739       0.28557463837825503       0.55954649030702519     
  0.26558949990271113       -1.1679911170600013E-002  -1.6018179853509267     
   1.1905332891004357       0.69257438816389960       0.19235785353348755     
  0.59699937757256283       -1.4202360801644422      -0.74892501791630417     
  0.46888486629550585      -0.40422451003294607      -0.19561545166331551     
  -8.8932445789164510E-002 -0.70867311373169994       -1.3380918551578000     
  0.27714655604024530        1.3458954913310852       0.43373781921197446     
  0.86290194024071110        1.4646257495246553       0.71848900927236636     
 -0.51404345685840347       -1.2940468156555214       0.16618688133289369     
  0.53586312027986416       -8.4670076147740067E-002  0.67326375258127313     
  0.11012265666139927        1.0295862276381644       0.54749242726905012     
   3.5966485377263956E-002  -5.5560810265430603E-002   1.0580649341330830     
  0.31314126822750948        1.0364652332429181       0.33579132782054016     
 -0.54983454686042521        1.5778234937518254      -0.75984700527410842     
 -0.51040967797243031       0.53116211353229204        1.2517924828464428     
 -0.21354850950619153      -0.27123501962377489       0.53145557983779812     
  0.56997030085175593        9.9325667620702648E-002  0.68462634187199423     
 -0.65917157436682172       0.59281107949666301      -0.23128050872590808     
 -0.91889418577054116       0.88339562865191590       0.17086128005052603     
  0.21454507188245656       0.19508329188434967       0.29641852160907889     
  -2.8403973160050992E-002 -0.95597952510032069       -1.9444441760229254     
  0.43134222432440983       0.75008949372755362       -5.8456686774527436E-002
 -0.80483323442027399       0.34524356368703901       0.17706509621544139     
  -1.6533407686442947       0.86985790765724547       0.50532055058849301     
  -2.0720719020099674      -0.53153590037147824      -0.54206517158642364     
  0.21024855858300212       0.15102841002767833        6.0174339280408280E-002
 -0.69653045282246473       -2.2157555591142509E-002 -0.61150915185296040     
