   2.0404765616855007        5.1405544499112246        10.926715336150787     
   6.0779485963905602        5.6461355285848152        18.799539421792922     
   1.2871766481064157        5.4047883852448848        10.141065356630646     
   2.1877174423791179        2.7795133005824995        1.2002379705081028     
   6.9900266103333619        8.1953723646174037E-002   18.798753387879071     
   6.8156352733064249        4.7299540322214924        18.799270373439054     
   5.9688823213256894        4.7633430489715964        18.413603561987337     
   2.2914332769913415        1.2772280299435188        3.5291763070084810     
  0.91298683901888011        4.3599579819275762        16.862447466660839     
   4.1796480500880371        4.9778034366236774        1.2080410840138927     
   5.1312742554052395        4.7685563493897982        18.303499880938951     
   3.7279060910863540        3.3235276151363831        1.3211928805952957     
   3.8038261840848708        2.3936815504826026        18.798698683838108     
   6.8613503055954421        3.1368158275489733        1.2002659881361160     
   3.6255012458154559        5.6572705840341584        18.798652666735020     
   3.1877283626408404        3.2722585858618873        4.5211385527913830     
   2.8721278021167693        5.8966369247141230        18.785567978589913     
   6.3608933487682613        5.0188425788803022        18.800158156785422     
   4.3540060399185121        3.9047950301323291        1.2011909234029268     
   1.2660086867373950        5.0001971170904520        18.799828264231255     
  0.62572047882342419        5.4598362394208868        18.799812635045491     
   2.4260854565079719        5.3826196346645787        17.424275931973000     
  0.90974036997650432        6.8109584411775552        4.2917546382985110     
   1.0554262599858246        5.1471245288773346        14.773988778307388     
   3.9750526063476737        4.7121205443620697        2.7753747471019685     
   2.4947041240902488        2.1998224757025109        18.796658664183411     
  0.27681705698644393        4.8109263083145937        18.800575981217786     
   2.8442336812933910       0.94649472800475609        9.6118524326033405     
   2.5156824267135907        3.4835011184800675        1.2029071881900955     
   3.1046128215856514       0.42368830020657988        1.2007144522914706     
   6.1045671166911690        2.9946907116016659        3.3560025514220291     
   3.8427583885790471        4.8661209301388597        5.7281467160940212     
   2.4435173262298129        5.3965221748773837        12.827803907529674     
  0.38002901933292588        6.3429662973326231        4.3734544059957257     
   4.8923220326825936        6.9763549053164056        8.4562109880110317     
   3.2104825691163748        2.8699370197950653        3.4318855357798501     
   1.3971696548835890        4.0808075194636517        18.799783847406726     
   2.6418389427838460        2.5271703090448407        1.5777151441829458     
   2.3816236843828902        6.1569177382275049        1.2025946601649833     
  0.36956210734257655        2.5994069039302494        2.2905754855795601     
   1.4759471901164367        3.4859429154620964        16.885669743797763     
   1.5382913971152306        1.4845294695420719        15.126800868016559     
   3.1710591023386892        3.3958928026224475        1.2007688785293087     
   2.2055771735187694E-002   3.1898106256048586        18.800038598781406     
   1.9058897315680952       0.71942903734075503        12.137992893819668     
   8.8407746276000065E-002   2.5587104851191800        1.2149937392206782     
   6.4098729061705404        1.2151542507913344        13.372308595641481     
   4.3670001420309319        6.0930019433059019        1.2026639882174073     
   1.6989670972302879        5.6636494681881313        18.787131391257795     
   3.3565054429566787        3.0349410370979890        5.1084977267290750     
   1.9073539002102051        2.8388757186272859        18.123926407782562     
   2.8614345033212714        3.4803906583162738        15.083954263711606     
   2.8425380439467816        6.2276008168398782        14.060186007925219     
   4.4340819694688518        4.0637953076368758        18.793882269863619     
   5.5642059070747321        6.6283433929855384        1.2004245971708971     
   6.0318465501515597        4.4777925109107857        16.507327660594925     
   5.0880160381859616        5.9325472092196554        1.2380327935060056     
   5.9623479208256134        1.8776940574884258        18.797905662298906     
   1.5015883136200228       0.88569654520964436        1.2159375092098255     
   5.4972768681894770        2.3635378235064133        18.795527208279591     
   1.4858866698581494       0.89694867790586497        3.9851013502112131     
   5.8214689204863781        4.3337354799585768        18.800105880860713     
   4.1282615115000922       0.95892370853942688        18.799913881164823     
  0.61787130741583307        5.0923169548131932        1.1979950801228318     
   2.8720090731188566        6.9776397961218022        13.322495304757112     
   1.4680677693367281        1.2299072689364716        7.4278746446984689     
   4.3915878266797321        1.1789096111825490        18.087392646790306     
  0.94519846800565110        4.4321612191660371        1.2005306546398178     
  0.12263983508200989        6.5309447511665519        18.777608015758876     
   2.9497514660325641        5.5495452942046775E-002   8.6484448962850600     
   2.7230544955013101        5.3374513214204109        1.2079512736936642     
   3.4684057229961431        3.4007273067873087        13.191238412317560     
   5.8418251028657835        3.9414726167007816        8.2899040117206670     
   2.4230386221631575        4.8312404918334559        1.6286679287509713     
   4.3567059382095108        6.2405070688700732        2.6041822219865165     
   3.0217298339422261        1.4924906590207327        18.799506452349132     
   1.3889469142158755        6.9812429733919421        3.3395850615326284     
   2.9657585152869177       0.35979301910753964        18.796447822179871     
  0.11470955187460710        1.4047206841142195        13.925537312728697     
   4.5694821224773401       0.23216347767704015        1.3153087976571340     
   6.4027772889708325        3.4800140946496452        1.2748589594787358     
   5.4358066197876953        3.9275355609786815        16.158628878911991     
   4.8265786384803269        6.9487994862651048        8.8883091517548980     
  0.21295194129299194        4.2642887657282422        18.799634824660352     
   6.4803134314192752        5.6980225326145000        1.2042698144115178     
   3.0568169460581638        4.7157531037932063        13.495195165741499     
   4.1840831126549523        1.6808576145902157        1.2083757309470011     
   6.6409145080155598        2.0869720353060499        15.123144999585742     
   5.3686936240821419        5.0974266733598499E-002   18.798853085844357     
   6.4071856852880922        4.0832572850274174        3.4351876035036484     
   2.4476309794583955        4.4512012115877289        15.909344967108177     
   6.0192003926872513        5.2210226509314070        4.4320850990221787     
  0.86995736106102139        7.0067538157790628        14.947930883518822     
   2.8159721211007405        5.5992523964784819        5.4620595925408049     
   4.3435334736254676        5.2737265715265798        17.407258863858946     
  0.98727088578878308        6.7403923778947030        1.4289281370577602     
   2.8261407793458608        1.4355380959586672        1.2023640065772789     
   4.3060205442859054        6.6915649689200452        18.799039095960335     
   4.1523482087220458        5.3910110141665024        18.675137657077375     
   5.1826952662045240       0.21849402307478252        1.2001908320894885     
   7.0555676411656814        4.2958665032796928       -17.328347849177103     
   3.9556121484860873        3.2274056996881293        2.0283684011682768     
   3.8533052038091098        5.7099797076326855        1.2175539347259601     
   6.5688061593831604        5.4516259273408769        17.975890961866416     
   4.2401681189940872        2.9221851879911216        1.2003215239741030     
   3.6772743854116126        1.0795033815957973        1.9902373206886534     
  0.38715065188024916        7.0021492444361719        2.4966720334143799     
   3.2428827294132971        5.7565344994600327        1.2000200769248870     
   1.6483109980582455        3.4833118439649269        8.9668353645937948     
   2.5577928678817843        2.3490551611314916        16.524340454749957     
   3.5003205258992316        5.0945306985572509        3.1779111581789943     
   3.3593372693424972        5.1877414766989682        1.2037118473485118     
   6.6234844633915193        2.1175982963066446        1.2033257013189211     
   1.4349033058579892        6.6434793620217922        16.491501329606617     
   2.5422577120108465       0.84533933732913524        1.2221738222290310     
  0.57841220758371392        1.3303694180562711        1.2044347206058872     
   4.6843245066466643        3.9435938929420260        11.308870452117537     
   2.4345440351632206        2.1049101556343643        1.1998050644975109     
   4.9848316646881461       0.33904136110884869        8.8263874344785105     
   6.5324354220940313        1.2873413019015585        1.9935966285581075     
   3.6200993144000781        6.5346755425763208        17.899363369313189     
   1.4388782680334946        5.7612944817823015        1.2248614785229610     
   3.8285284801639259        4.2467178628117006        18.798168851326317     
   1.9101318857360507        6.5800838406580455        16.909868324599469     
   6.1561102249476480        1.0287686232425406        9.4235840094682182     
  0.28613102020018782        5.7494104383799032        1.2055691031000926     
   3.8459970565135522       0.17929961050863416        4.7563134179444111     
   3.7650751896533015        6.0160398642642887        13.779047133991320     
   1.0062070612798057       0.27045504661845188        18.343565101844824     
   2.3393070882762546        5.8579587699029716        9.9719141386199208     
   3.4522846801066973       0.67147490101902818        18.797705809690026     
   4.1080561931356829        6.7399599659887484        3.4132533153724753     
  0.91917208544400786        3.1069760029176878        1.2013891366635050     
   4.1483360018690938        4.7932693258435410        11.766820746934307     
   6.3646422404372416        6.1093470603894398        18.799619630093929     
   5.8896489401670866        3.5938925721762005        18.798024237661600     
   4.6505920614217287        5.3921623069569575        1.2047410080977881     
   3.0682524226477295        2.0581570366339745        18.797174968474778     
   3.4959197062051266        6.1888083687338424        7.1096510809930535     
   2.8830802226855350        2.8516934817524713        15.703620605298823     
   4.8214233033893583        3.2203842104869036        1.2086112402601192     
   5.2463151810632187        1.0882934363391226        18.799796369920319     
   2.2881449536293927        1.2406469717786448        12.129077949554206     
   7.0383982108026171        5.7758752574683507        18.799493067064176     
   5.6174217112528924        5.5778304170060515        1.2064022802426404     
   2.2501141456057585        6.8523191217128439        1.2013101076488335     
   7.0457875864585056       0.83219541157479548        18.771154572119425     
   3.6988281062911783        1.4339885997559563        18.798672629489467     
   5.0275614045835946        2.5216526213370174        9.6418450864092300     
  0.45578884205889691        1.4457967090972943        18.766246285198967     
   1.0776748503890741        6.8066527852271985        18.798109500744633     
   2.5650479747684192        4.3678827853638227        11.782506491454933     
   2.2069838499318783        3.5779609530972531        18.550933220643266     
   1.2817655298919672        5.7019503393086328        13.842023723229840     
   1.2145479602067302       0.42321938281118160        18.799993565330439     
  0.59582151443612097       0.21454380254411012        1.2006978369338188     
  0.86491435488917068        4.4655019396669156        18.724817439942822     
   1.5770084679138998        6.7839615813740934        1.2001067053991246     
   5.1162432982294170        6.6865974333635210        11.174130055328110     
   4.8100681721799665       0.56816247317548163        18.798497503897345     
   1.2584770652204555        2.8607708968256662        18.393055088865935     
   5.2293899171442284        5.1027040592985031        1.1991064923463202     
  0.49374182112667780        3.5790172938331279        18.796308122804707     
   4.8263517451092195        4.5039880358700000        18.792505081223688     
   1.8274334189306058       0.11357759717291037        5.0489623311854066     
   4.1127129934178432       0.87172711217459031        3.8774919428687897     
   6.0560980317258357       0.11456374836690864        1.1997581867033269     
   5.0794075371241680        2.9246040541247087        18.796547898284341     
   2.9719151091580178        6.6144408835205608        1.1995246022037485     
   5.7329187376459947        6.3900378909500066        7.9166327320549454     
  0.34223660582898735        4.2807620846112338        1.9440454702266756     
   4.7094221565914189        1.2894529587072263        18.800032515319852     
   2.4078741279997482        3.7550221884607629        12.138143402547110     
   1.7003886964969022        2.1578238401473540        1.3091615872937543     
   4.1629037818229557        3.1769196085265614        7.6824910131324966     
   5.5555176539957118        3.3106134664524038        5.5603002820623360     
   1.2090693324928463        3.6820507324984169        1.2046962163776860     
   3.5063063216082244        2.7801709673273698        1.2020312979007957     
  0.21779097810787645        4.4617880435993378        1.2015754838021835     
   2.2927409556947924        1.4647670443114977        18.777287120765731     
   5.3768376487958305        1.4875422148152113        1.2001770110789247     
   2.6772968325407174        3.6734139097471457        13.244709157769524     
   4.0353591565447520        2.0647907199185322        18.059664435823940     
   2.6172469767643274        1.0232228054650470        18.799831902067279     
  0.43503161346347291        4.7281723986647135        11.251637095825874     
   3.5263638817264571        1.0910881187650732        16.620147650186777     
   4.6775246080564310        2.7237931509200548        16.876067597726642     
   2.0893493810274264        1.3347605874657846        1.2002282054643443     
   1.7113014225720233        6.9588642989997718        18.799483250093740     
   5.8298478252333901        2.4538921932251085        1.2049945913537337     
   6.0234298313594747        1.8023739018971563        1.2008438883815238     
  0.14465679613194565        1.2116189313417944        16.677668178777083     
   4.0231533492724845        4.7480119065978528        8.3196293918838435     
   3.2263577588458610        4.0935437132744115        18.797240267656761     
   5.8608995035525187        3.6473583780541547        2.3831524577236523     
  0.66207775784795830        3.3341354229241964        16.481192195717178     
   6.5128402016670037        3.7304882305666105        13.226928743331952     
   6.4116567433580123        2.2973774870894488        18.795589715733033     
   1.5263546366286256        2.8145564284254569        1.1976937052193146     
  0.13332570448852818        3.0304330020406063        17.204069031868855     
   6.9912987059151011        1.5388092580055315        1.2057670517906209     
   4.7072199907070544        4.6268441893234389        3.8985117440554791     
   1.7262045734058611        4.3049247725475039        11.091483177180587     
   6.3573292953457692        4.3604809854150819        1.2113775393441348     
   3.7065642312354261        4.9065308556728366        18.645733729185640     
   6.3528958835404250        1.1673675053936345        1.1997760173243808     
  0.71036682959179642        7.0229496326455667        10.308598673008619     
   2.2072847308546724       0.94885488453553846        6.0176405524432974     
   6.8726379566776155        4.9832339645128014        3.5041685131575706     
   3.5530221421662209       0.25652311143249690        2.4355046629412369     
   6.4020058849435939        2.3141200481925033        7.0679482644851790     
   7.0138497658546095        2.3873507950131629        5.3089505540683977     
   5.3698238519160757        6.9075745362518148        10.235580613023638     
   3.8613005437322525        2.9587962761001361        12.130185445079190     
  0.63713437304598175        2.0956912113823081        16.873688148475988     
   3.1077523766814674        4.8237347825440464        6.6123868014818257     
  0.64613490041491017        2.6333880356106896        18.797912714734014     
   3.2412706422764903        1.3250290574156023        13.086192842475915     
  0.72521791166328742        1.5657081109189530        3.7262875124567789     
   4.4135902464365513        1.5765243511880151        3.6508356579801293     
   1.7169258115124886        6.3874715748591582        18.793922760109570     
   1.6885459796500848        1.7936080572057920        18.801538518376443     
   4.1300936199921114        3.3608378162465340        7.3855024745292113     
  0.86273941023810286       0.79199824668786811        1.2292310504583206     
   1.1163500750125266        2.1832557142289319        18.798351144281231     
  0.92176623526590584        6.1722246553895435        1.2000898980710033     
   6.4246487634650862        2.9824751152308129        18.799861225700187     
   2.1166135359384617        1.9046822460773918        9.0875582461387303     
  0.15355457430653405        6.3141358339437881        12.610192910270898     
   5.6594211057800816        4.7787665153591226        7.9845252518683543     
   1.8946096540624873        4.0180372914692670        6.2228310849777912     
   5.0238845536392098        3.6823782165118919        18.787812698719353     
   7.1287761110890024E-002   5.4196721192429944        6.3374877346932674     
   7.0064202217987868        5.1577211676107551        1.2007179670937902     
   2.6155907450254712       0.34604860091703199        7.4551552911970997     
   6.1606798635935345       0.78797150554750128        14.960592923801771     
   3.8039393369925554        4.4821910309028441        1.2131085437473568     
   2.1633989853951672       0.38698086756295724        1.2167626593146079     
   1.8176119862757343        1.0248383516454891        18.793474291227994     
   4.6634006492395530        2.7848967240144891        4.0278760520161621     
   1.8380884177018049        6.0165040255168787        10.620599399854090     
   4.8939464172566470E-002  0.88097930617046372        1.2030152710328430     
   5.2024390745459241        2.2352978040009694        1.2003119929998585     
   6.9319706925733922        3.9634322168047884        16.980835332919821     
   3.5194341284513420        6.1855064854278279        8.5796238586948306     
  0.64441224434658861        4.8084261858634640        18.488151191864088     
   6.3465288110964950        1.4566345558848590        10.653186690598524     
   1.5406865606296967        5.9486854098824873        10.036614376223014     
  0.50548618261674427        5.8573876491698105        12.034206338246120     
   2.2281533754690894        6.1948537389999911        5.6495395190193074     
   4.9617698418318685       0.90543230121140561        1.2027932384605018     
   6.7487595860424330        5.5142343418995683        14.004836448450840     
  0.74450556947631019       0.81645144824263727        5.1032998562021454     
   3.4538142161417662        3.9741813957083849        1.2008429918496424     
   1.7887121567400812        3.1369455143589753        18.799882043781807     
   5.9513807099806639        6.0956250637185327        1.2447101604448541     
   2.2525770663108227       0.58211293315406942        17.268661378460454     
  0.57538101465702152        1.3810564396936593        13.634292743520572     
   3.0568282662370283        4.6320888851433786        18.799833831053824     
   6.4599174174551068        6.5888401988192529        1.2017731923324402     
   5.9241009179529165        2.6082974161949264        15.738711632259875     
   1.8527395481728892        3.3735707990499342        1.2001709616481429     
   1.2448760658716336       0.61531184609007694        8.1159825193097550     
   1.6277466511362848        6.6056249529147069        8.6765282540222444     
   1.7675939211505851        4.3814881125167204        18.302924891829370     
   4.3605853832770167        6.0346612961606567        4.9230293121645623     
   3.0771842593066530        6.3803340720038797        11.628704775023264     
   3.8652444588064774        4.2541745565855953        4.7804452943486790     
   2.9357792117664965        5.3893281987210173        18.799903986252691     
   7.0632579610772099        4.6388376000654381E-002   1.2001613705769858     
   5.6949910700864530       0.71309801188928423        18.791501759363761     
   3.8935097722251784       0.14153954841338667        18.798105539392587     
   2.9411422084359748        2.9562847151334517        3.1566366788532485     
   5.0143531417314158        5.9335541879917377        18.783487744025432     
   6.2974205055807992        2.3203993873861712        13.128991728325889     
   3.8678787739391058        1.0762302242413917        9.2647148867720137     
   5.9865124576574216       0.21030805494266552        12.565857321811562     
   6.7154067179325733E-002   6.4173111872415474        1.2041147649626587     
   5.6526547516541212       0.80859169823362453        1.2013525495500923     
   4.7845093049157175        1.6648390710040162        1.2009774761559162     
   2.5381568195711575        6.4739893187866535        18.790467339209545     
   5.6517066157073952        4.6251436384939852        1.1998744775971517     
   6.3598371260824873        5.0446244437182175        1.2027389945381772     
   4.7266831314110762        6.6385334264138534        1.2004740873661597     
   2.7434522538573911        2.5718961105252549        14.148012369660892     
  0.47982288672868101        4.2173003870479091        2.7417802461258955     
   6.3864845406864736       0.70650876202361945        18.798828841870655     
   2.9595996333720063        1.7265357749737993        6.5198630302377198     
  0.54042240294212596        1.9474096761574944        1.2044877780363457     
   3.3858469350485270        3.8546756808345171        10.606536090163811     
   3.3506924700529126        6.1105828234772073        18.798521807192213     
   6.7802807089070640        2.2844908792146206        18.419122960626691     
   6.9489544680230493        3.9013548221439609        1.1975170014692076     
   5.9604178667250611        7.0671528528230674        4.2240027282536969     
  0.74558397605167603        4.9167317732871316        8.3830206224747332     
   4.4099332949666481        2.2823817301908957        18.795184689129243     
   1.1398861342477133        2.1381749417416813        1.2103252172239476     
   4.1170715944185572        6.9155978703204513        4.0308535825225285     
   3.5247085988194464        1.6279375076369806        1.2030386411281744     
   4.8523402382076126        5.2237059283153462        18.799935726592075     
   5.2251667650353566        5.7844937146510951        2.1861551293043546     
   6.4453126378718748        6.9755695053003581        18.757554307429306     
   2.8326321166776371        2.8419905621641890        1.2000093073218654     
   5.0432433712153983        1.8484438387405315        2.3389689320449696     
   1.5327401318208458        5.2681659926267415        13.435336368840398     
   1.0587617087101402        3.4417319934949573        18.799635175848646     
   1.8816731886615272       0.36052116452889638        18.798871242481674     
   2.0465887771519342        5.6091377384501975        1.2279556126895228     
   2.4895975752609321       0.41527718775269129        14.118735000686250     
   3.4841726461690214        6.9853069284571738        1.2011696079732681     
  0.21137463053556646       0.71261111823451373        16.613868156587152     
   3.3407772711931991       0.80085803582605020        8.8543900033581551     
  0.75301951335313244        4.5743930128133981        17.756848801355073     
   2.4816163008143737        4.8055166577555806        2.7593854244778044     
   5.5515512421801043        5.5297757205027001        18.797584760972136     
   5.8318684399493854        6.5805525773659070        18.795284098131763     
   4.1098661994357295        6.6732954288828052        1.2070585322234000     
   5.8027633347515355       0.83837154916933898        24.630955987732420     
   3.0656719304065434        4.6621462984756326        1.2009203953371919     
   5.0091158808011533        3.9659780120604493        1.4023403352102108     
   1.8502742858630106        2.1131295740454648        3.0840524822382602     
   5.7564471787792879        2.9467046416496037        18.799403330472749     
   1.8560549639938371        2.4716021296209729        18.790281262855675     
   3.9587089778131062        2.2932678854503128        1.1997981467488807     
  0.54987567603885290        6.1025703239248594        6.3381530674445452     
   4.2860705226461944        4.3888178345943869        9.5309920328947388     
   4.8947310607212522        4.5911035125967068        1.1996236229523438     
   4.3113841175555132        1.0503016596696326        1.2055833715291384     
   3.3113991026152938       0.29209758180212003        1.7394922146927294     
   4.7755809959526276       0.47240276450510793        16.864944579476127     
   6.1770885885179938        6.7719345355696108        9.7609347147073962     
   2.1927189014052995        4.3789085234746512        18.799936114624625     
   2.1733243713510193        5.8268714446694023        18.795785319328253     
  0.36030253580413235        3.1114754157845139        1.2001363972436714     
   3.7756726574291162        2.7274088883740637        9.3225459796950449     
   3.3585454053659678        5.6811795659709059        8.4504610381839935     
   6.7976123853233510        6.6486302168315303        15.361976066698054     
   6.9801315430680351        2.6324350988201952        18.800805443233092     
   2.9883585769051595        2.4486615611548594        7.4866538847511963     
   4.1965870630575317        6.0331585052268490        16.194187166909614     
   3.0733613787046692        4.9191202830733847        8.1940727267179749     
   3.1727533315547078        6.4801422365554089        16.768010301583768     
   6.6321089314147406       0.28907288834897743        11.144359926217183     
   2.3338948112608966        5.0842483048025624        18.132642722940243     
   1.6238542938692082        4.3288718541104156        1.2027892142279750     
  0.74160600699449009        2.0368417436547954        8.6878423405512564     
   6.3070618633743436        7.0355507749994874        17.883961691394422     
   5.0215193324034892        6.4929252740526913        18.413284066573240     
  0.93137620597237769        1.5470774269927032        18.799956938985854     
   2.7235758894030084        4.0882875711644795        1.2124500137426371     
   5.4236302306997226        5.8884908781977234        11.599650857809541     
  0.53230603893536099       0.87281208494047013        18.799997783229315     
   6.4118303480102483        6.6376614283050204        3.9531611006676721     
   3.0096879820629656        6.8315120013925164        7.0269268103480549     
   7.0182534919103867        6.2967318403018471        6.7558710645708304     
   6.6324617858220494        6.8769025931451537        7.2482648794407600     
   4.8843921286308989        5.8732289890856348        12.590371716417120     
   3.7711216276465116       0.59272197324274778        1.2016256245469670     
   2.5123317734124160       0.52606737117277091        9.7621199792004614     
   2.1685628927078371        5.0435596007688988        12.490663996980368     
   2.6858212323951798        5.0408088842446546        5.7944415823249011     
   4.2745054064342884        5.7711458340898618        5.3906552395111280     
   1.9283081946819152        5.1777980129912899        18.799735384657563     
   6.3494441762477969        2.8521340684267447        1.2016117104552286     
   5.4449519386918279        3.4419822408532683        12.817880341512350     
  0.20929554210266985        5.3709347767269460        13.872117775193898     
  0.55023889209836385        3.8090341048163641        1.2000797968999382     
   3.5731285282148639        3.7404626743916154        18.799502548920831     
  0.24584071728648579        2.0648807663949262        3.0219011797471840     
   4.2717306157621531        3.2656602721872190        18.794546412935269     
  0.70472444679949631       0.23396186918128253        18.800957558869371     
   5.8121735242662655        3.8467460729991050        1.2051740530249107     
   6.9159005585388709        3.2953634416746431        15.076313989121468     
   1.0947409014226406       0.97320779018779591        18.784220719868731     
   5.5561982794672096        4.9059247127613244        17.874204183008427     
   5.4602719706360388        3.0176828637089814        1.2054450361448870     
   4.3709836246813163        5.9618657501602268        18.798898820042506     
   5.0477686331648997        3.0495499018852055        14.544071818375938     
   1.0318237184461732       0.51327111693216732        5.6902611607969105     
   2.7524078926068953        3.7004394800625713        18.799536021583648     
   5.1357687733165500       0.26470724096472781        5.9522645217022223     
   5.3431677171561862        6.3994164761357020        18.799998719113727     
   3.5574667843425374        6.6926709736169707        18.799201343766640     
   1.5341096170397317        3.0735860024582884        10.801348551623645     
   2.5425949194969628        2.9838800819142324        18.790265879335969     
   2.2784950200825329        4.6996182999961293        1.1999716701957805     
   3.2034011505411115        2.2377322211356430        1.1995587745678125     
   5.0024215317576237        1.8019504868068073        18.792851251169804     
   4.2787418176441019        4.7288316751724775        18.795524098613051     
   6.5202094246093800       0.51073269944025679        1.2190141988252823     
   1.8168631383001073        1.8582488074364212        11.567488854475348     
  0.49294474381209696        4.1724491080618273        10.528959013491031     
   6.8497526183403386        3.7431571722413350        18.800335265417285     
  0.63724403373460170        6.2888831695088836        18.802873964004959     
   6.3385972903223218        1.4033304812134439        15.690339758648733     
  0.22808250442253875        2.1461731373827115        18.799991550842879     
   6.6329841258202844        4.7610809031432364        10.031657969573468     
   5.9001526494007139       0.68631387800401367        4.3645286143966837     
   5.3571439204362914       0.81076963264909407        14.507975119506021     
   1.2751633729423344       0.23792482184302152        1.2007710542890428     
