   784.56538808114567       -1041.5014521870705       -1192.5858460928309     
  -113.86403394095255        77.212344826103120       -7.9152842865849324E-002
   8.8741576227084042        218.68254738470958       -357.37512432613710     
   1.0651234201564381       0.70532845765626861      -0.15351656813472483     
  -2.7145379981242765        64.238955130159439      -0.19809693596781530     
  -22.687053613528743       -48.643124077883314       -1.5163072217579072     
  -33.529638781548655        328.68715125266596       -345.77251163674782     
   386.03500948127606       -901.89004785673865        1302.8949635537419     
   649.91817028309276        641.17791689085141        763.92515088694824     
   13.448105802206825        76.758557439365859        6.4881103732250173E-002
  -373.59721948884260       -21.685278000179188        8.2882388053416243     
  -61.428562722964820       -94.148936887951606        39.413386337243637     
   61.753448417286457        32.954258278451306      -0.80315340353575204     
  -56.180569051360060       -3.2074568797254153       -3.3373432205236653     
  -12.203778909235870       -17.452048559445476        5.3241189123820920     
   225.10916646619597       -13.750411731184045        223.09830466590617     
  -17.047951833413954       -55.386871737562714       -6.8199744717455175     
  -3.4693410027829921        2.2552261593561749      -0.76571026576405243     
  -4.1171368341072405       -2.4660282929513446       0.55240293225540693     
  -46.348282665002003       -97.488157954651101       0.55303168374805456     
   5.6685544636374242E-002   2.6784913017513814      -0.89925207545218488     
   1259.1492563590812        928.84157754242028        156.66245648233325     
  -210.54203012432654        1781.1735542564265        70.946830467715642     
  -416.77224156289577        763.92840640563054       -759.13933910037315     
  -680.33639477814222       -356.85214616242251       -652.35992989594035     
  -8.5971083289030723        11.985905161353640      -0.54748910313496935     
 -0.98193781236587629       0.84799736083430377      -0.65818653857322718     
  -970.81270446918461       -372.83268789784717        135.83958134256224     
  -8.0328086725411207       -3.9710958436445538        1.8496339430598689     
  -4.5080588349139070        3.4518073692409801       -3.9769547895171109     
  -159.24404683271439       -411.60278640994989        316.46958038358770     
  -698.57149354403134       -640.95613873633431        803.42927009231460     
  -869.60615717721271        803.01006450513205        497.61866720684554     
  -601.51861542705171        361.90922699367326        22.946757042571871     
  -657.17788024329411        146.17204099520387        955.49618712995778     
  -26.349269811129123       -79.092570029361610        748.77767536672002     
  0.72742046495507395      -0.96682463262611584       -2.5011599861333789     
  -780.15605103618725        516.17882177976333        738.70343582240935     
   5.6449336738126057        3.8903807746848624        1.9828902949123322     
  -49.978295936125811        16.492106522162828        72.456110498636207     
  -511.18103250093594       -136.68100316667937       -752.88838979628349     
  -923.54153218763952        19.318497410928842       -433.20749175106471     
  -51.347562198169364        14.323496632406176       -8.3526034566234628     
  -9.6068542109388719       -3.3550495296210250      -0.76530392519437362     
   645.47085863972222        266.98242054024007       -536.14807534807005     
   15.352423439549476       -5.0092039359341332        2.0092173579873007     
  -605.53043716047353       -844.76238832323736       -181.69590733847139     
  -19.409189390444471       -19.262177954995593       0.80205540978729839     
   75.442207307862262        26.832859038313149       -6.2787060692746968     
  -152.77824730153623        26.542704401205377        571.49174141488299     
  -104.27649705516740        170.70699697837568        290.97212958248872     
  -729.76855769060262        816.39374624438824        448.42108146728839     
   1138.3469016593326        48.400552243625626        1482.9325321153312     
   3.7207930600120735        28.826092601782388       -1.1271393895406778     
  -9.0958460257934064        2.3795420140276180       0.49155762433748401     
   1526.3931220529237        705.24717296391748        899.30195783580450     
   29.890778175024433       -98.567836503420779        8.9932917867068856     
  -37.396316074148977        1.9649685923249571       0.28248379778426547     
   9.6080352039204815        26.952979763415254        1.5147365582576826     
  -12.328873590646975       -26.508879456477235       -1.2522382418895315     
  -521.64328675080594        697.59122442923604       -491.43213722107907     
 -0.46238051431000260       -1.4900982349498639       -1.4952786727532785E-002
  -88.924492522379538        44.415191803042589       0.41245130045640432     
   1.1541129091131623       0.70350920782142745        1.8521225680524986     
   224.78376594636018       -414.16770746347174        9.6566907364934611     
  -661.07309512320614        863.86967137878128       -632.01384690408361     
   219.26637158789640       -9.8921486510570151        155.18303439634130     
   5.2352774841950751        2.3721564254141327        2.0343023549303708E-002
   35.185217884360100       -129.75900291809842       -8.2030287139484539     
   295.96773175041693       -243.24359995734585        277.34211481302412     
  -15.986985683937345       -7.5711049358099221        1.4829291846573556     
   67.206088550650932       -579.04861151402201       -220.88293578934130     
   548.17747455201095        528.79351867511662       -1500.4825386693058     
   512.50411178867523        1110.7621963610877        18.236943412786843     
   35.145489015837867       -73.739255173444690       -1505.7949394755522     
  -4.8107659545731671       -32.355305302721391      -0.37728171935254623     
  -942.45550359547019       -444.77000182910979       -219.39883866328572     
   94.073537938816003        33.141850762530503       -1.6280931033224124     
   521.09856924889004        124.62179896720063        149.20915275847236     
   43.800699810988675       -40.093261553083074        20.304040958788072     
  -44.496659985758072        29.549863944265841        21.231383967068282     
  -897.52900165507594       -122.90616311210880       -400.17251160189505     
  -37.858152384308490       -841.13755272360265        43.512121638620179     
  -4.4388439897245560       -51.289197167364229      -0.82115285792785253     
   3.6577132491205369        30.647745154817876       0.47888492892552265     
  -1722.1528621143855        760.53806630701411        313.96174874672380     
   5.1902333318356675        6.3651919937746024        2.0044479969350473     
  -876.56135432665451        380.71192690391308       -156.09916737056938     
  -1.8027220983242964      -0.32428921807626671       -1.9512940422884497     
  -477.56176259770297       -322.47226131578884        100.69584699092289     
   704.76229101152956       -100.26408603229794       -194.92750449217888     
  -50.406771954935742        52.633853089037189       -352.78004354522903     
   32.081544719457241        768.87451130352906       -503.25780353979502     
  -159.73904365164398        16.216255716320301        381.82500867250150     
   276.95400565730978       -715.60748899159432        1088.8085665035874     
  -26.977143170983187        23.963145208175533        80.962260990177825     
  -35.734700424674493       -15.650606771887409      -0.36599017676098261     
 -0.66191898285753459        5.8834905869143119      -0.64655269779134883     
  -41.092529280203017       -25.972284980258578       -31.969482818772551     
   10.961199209464366      -0.30510578585233311       -1.0396783557242502     
 -0.11303852980163365       0.23916126222379835        1.4961302345868612     
  -50.752393981303797        581.72140704531182        400.65607613666816     
   101.32213712572606       -9.0707103320620242        6.1372569257502088     
   5.9706082133263170        37.926266147028812       -166.40611950567677     
 -0.27639045560702230       -1.6253075879782573       0.83115762934331272     
   22.213728081156308        1.1278000178004309E-002   93.791964197762439     
   46.580956703846255        806.52731607530723        299.16750566935315     
  -20.784818060238685        36.541459694489724      -0.25801737521952467     
  -108.38397468480511       -955.93305253237634        478.67951749700399     
   148.38043793182845        346.30471117976322       -266.83596809246916     
  -759.44657411712979        399.21445782381909       -495.11088765291106     
   29.353405699226254       -85.465400857679455       0.77799054392831124     
   21.336495717968013        18.153540166107135        1.0846357365941719     
  -197.07384070869873       -1163.1843763116899       -1210.4847514051610     
   8.2350103336473541        16.752828273691332        3.8363304323861378     
 -0.83188677768304731        42.333203513726481      -0.45345532395561822     
  -665.70824104350186       -1838.9992144523158       -34.377064110611180     
 -0.83723373343400709       -1.4647296162299717        4.4597076527635976E-002
   1610.6500664931625       -449.56195684454883       -47.644982314588397     
   11.314531641175325        424.17662869718674       -347.58510385255931     
  -27.817286241094454        34.769056155152199       -132.34174881767191     
   29.302926723723719       -64.696553623938442        5.3028246765784033     
  -23.888118923830479        48.593028896417280       0.31580811710307788     
   484.78983171969139       -327.58039422757128       -542.15504552518780     
   974.93578768056091       -1047.2068906960008       -91.809295995334423     
   69.030941681436957        5.3645686438078890       0.77840934268279049     
  -128.44547299322556        404.48207963482969        161.72068816985137     
  -15.070808154228439        1329.8783756017860       -692.84411841910287     
   970.67864598415622       -378.21905120545313       -678.14057693194161     
  -109.70312887537445       -81.490519763591294       -155.04802554398000     
   15.637794288456588        20.777667872056227      -0.65080150420114213     
   618.22264140870266       -411.23816800673143        866.17418328901545     
   88.840011531411648       -7.2104050242788720        1.2959279203396206     
   755.73455096600458        60.821730061972424       -343.09468372767532     
   105.60471938078049        105.46719472714229      -0.25702310986589277     
   6.0292099927865097        24.242770066474783       -1.4145112459756657     
  -16.924348815576323       -5.6225399852418354       0.44611722540813359     
  -139.65731405367799       -42.577010672443357       -1.2425757575264884     
  -165.04210897528068        77.381908810124642        868.69374120836289     
  -429.91407868841480        1779.7064449557720        395.74239639266494     
   20.150951874337601        15.625225425406589        3.3344241182465058     
   45.360862617295723       -9.4718590548023105       -1.2914768800664993     
   1094.6448698623942       -379.00206671653774        569.81694922443091     
   5.1419852399912147E-002 -0.40448624353111057       -2.0215501541074210     
   34.047247060615774       -27.033214241528711      -0.53807448162953442     
  -44.580790920475728        38.573910989075422       0.26096534259309861     
   46.704859695740602        53.159235381018711       -8.8619689960031867     
   3.8457179301629312        4.4058113717530265       -1.0033748197662111     
  -186.96780760401640        1108.2077818978817        1111.6670919884534     
  -2.2411832934085330        43.418861064451420       -18.309516585410435     
   83.670127349278658        13.648913435452027      -0.57393676154536977     
   1140.5707461491945       -487.25863787958093       -358.05231542932944     
   48.332888485838758        28.591949426863678       -49.168678456815897     
   942.92422740701795       -582.84660199350355        829.77834871264417     
   1.0344267542783252       0.37882564261323776      -0.50931581052843278     
   3.5559831853501884      -0.93001117026303437      -0.23816834649692797     
   7.6402151580926363       -28.571083581664912       -13.985037422200598     
   5.9474553237452668       -3.6981485549233915      -0.96476031028064246     
  -89.253828951058907        548.38493065964303       -525.77562806630408     
  -2.1076698568004120       -10.594946991249653       -1.8682490978536632     
   25.401393257510417        24.725674504757517       -53.235757766831561     
   4.2059100599306808E-002  -3.5499513783414494       0.90776052615967040     
   3.0617731828989885        70.817449992157904       -2.5039889096445935     
   51.151361114085134        63.505760551153337        1.3458386640724382     
   548.14255995047142       -1091.4028386318182       -230.92498344558422     
   738.00188140255250       -92.089649099793988       -199.93912538049838     
  -5.9208593945091899       -1.3890770422659180        1.5825908549277162E-002
  -17.278179748166135       -86.683993952700092       -1.1045855140891494     
   40.648849183895628        8.9644815587116806       0.18052965178851457     
   622.99266513790747       -164.99683242435475       -1358.4371781981465     
  -1779.4294362257863        835.82672136644464        126.57503637686051     
  -135.62205314782003        39.999634797943003      -0.73668549175982667     
  -1181.4286789560147        570.33205419205990        484.58734058688577     
  -46.316295499570778       -2.6985090407533975E-002   10.759965044679824     
   1518.5932272627879        9.0816165327299210       -923.07535392674743     
   792.35853074938450        266.32238015557988        428.46616012454177     
  -16.355988215522792       -6.6845754952615328      -0.61178350257202740     
  -2.1020199999967999        1.4419256411158754       -4.1613938868919877     
  -1.8337111278662392        18.173902326132477       0.41370988877108189     
  -48.174294644984741        40.485360042208264       -4.9181968684728519     
   9.2945616427635596      -0.41246438284466147       0.47552721648732982     
   868.76317199420509       -818.75859957389036       -815.83433034198015     
   121.37179619523111        377.73514098644910       -20.937551760476040     
  -13.013468573498134        129.51774777736250        1.8653796841362913     
   1196.6950688054369       -604.72757519046456       -765.04300243550733     
   473.35534148227055        25.359409934696945       -36.025841077924277     
  -113.62356517445052        14.950726437380727       -392.84446955886443     
  -1.0063277598529268      -0.30989265062949817       0.77958465662545695     
  -17.168582950718839        89.320419253921827       0.11964677780326095     
  -7.6905116322175173        4.4997034946863179        1.2688225660501398     
  -3.9294225869159063       -7.6608943934953331       0.57336160281700377     
  -126.78657351754703       -141.11352281968209        783.30140820207760     
  -977.33083840412996       -50.880306893136606       -493.30104046637763     
  -123.08921732830706        185.80691402882744       -2.0724527091492164     
   690.65699193270916       -1254.6603800684427        1363.5455915164152     
  -1049.1695188616113        225.69349085182085       -79.142516382431850     
   192.12784045759204        582.77632016549717        468.08971548259353     
  -15.997452863783872       -22.481301247798235        18.943863531394474     
  -22.141864076647380       -4.0300555360958947       0.34975225626919226     
   240.83017526258465       -192.72234650746424       -946.43204228565435     
  -4.7521398864796769       -11.861752080093726        1.0172110685398379     
   113.35849653817615        124.23433723002859       -40.588897732811482     
  -340.62705068007040       -826.62637342035111        43.588257733928202     
   4.4391580571992595        9.4214709517592432        1.8985006070327510     
   30.067380459320312       -31.302580503319867       -22.306580130956881     
  -2.5490139463236852       0.95784012980012623       0.97738543785461274     
  -95.617667857616979       -544.96216790547669       -401.58204352065280     
  -1168.3594094909045       -638.68564574111133       -147.57147803461663     
   276.32171267844080       -294.51295092009428       -416.68227937260832     
   27.501899163053043        1028.3386909019296       -228.94861507170410     
   133.43588355807941       -558.11484944114909       -791.75526826596547     
  -178.40754911265299       -332.97491481687956       -944.85504863237566     
  -105.58759737649991        264.27750975510901        179.16945747632133     
  -170.96304576347836        239.68302596682989       -851.47893003724619     
  -251.15799434883263        1103.9956697588545        295.78737929667659     
   426.23128741441263       -453.48663717151237       -639.50843862585589     
   47.187374178168390        62.591337094144265      -0.13915250614298660     
  -79.881844733430128        30.382759808586119        466.01330886857772     
  -140.34980997710213       -534.40998265077576       -343.51822773499731     
  -509.03355940830465        716.26633569993555       -568.21150876660079     
   61.279682621824378       -49.235177299202455       -2.5084569345259049     
   1.0228208705178972       -3.5176168650877311      -0.30587148810054288     
   788.01402408946865       -90.949038295459985        169.62306558129541     
  -10.661899797446038        8.3212744782573740        5.6933271851740752     
   8.9777657794786059        3.8473162817491580      -0.75188136961537166     
  -1.0818697023057486       -2.1208451676224436       0.32739482891734850     
  -1.9647491374196471        1.9467752644774541      -0.46655268871405253     
  -147.42826199543194       -209.92058639664836        490.55048387503928     
  -109.45492047092947       -178.23305867975492       -198.27250969735292     
   50.520580481725240        131.79854762772507        263.07658383403975     
  -345.88432810863100       -203.42839331546671       -204.32765592518714     
  -4.4088576842254650        28.618749445056693       -2.6541550759895509     
   260.80115771323523        569.90588259913432        703.53798078310297     
   11.439555726268622       -9.6942222248984002       0.12115831595115671     
   368.00172127811436       -1209.2490908818963        75.631454502445692     
  -831.88808122033095       -165.73081746233728       -200.11238221765052     
  -91.372801405570627        71.651785954439276        1.7148303624239043     
  -17.015316212691133        21.349030439536751        2.1532672756344962     
   1.0089791289312531       -10.630919058389612      -0.47878454922770275     
   648.17802514463619       -62.567839308166320        432.23197050381373     
  -1267.9136220981893       -1004.3539828543670        338.97038064431217     
   5.4331966830320040       -12.046374065264061       0.61207192217370743     
  0.85251751283018617        6.6380955417790402       -8.5012455220323219E-002
   200.74379555729192        344.97950265955836        268.24977900636901     
  -744.08945775314226       -94.047070217092525        202.51735853788026     
   884.27285617841790       -971.03340392208872       -338.96031811812782     
   23.131304349515013       -358.92215864713245       -6.1433960830427043     
   119.29104382598408       -184.36978610623336       -801.60978592931224     
  -79.846052457860779       -507.98838807441399       -313.79916193085518     
   213.00316614586157        563.25419624121503        279.58753738251499     
  -23.833411830648533       -19.023959434833674       0.42224111311689611     
  -859.34198508336056       -338.34487739634238        137.95188605025510     
  -413.28813472225403       -671.25141053717368        6.3357043216810647     
  -6.4077285129523105       -5.9347153328658449       0.79715842569014927     
  -1.1745116509339739        1.3280500682833081      -0.81294981544696654     
  -32.661140107187421       -4.1573986506247786        7.0407692562505435     
   556.35453609308797        21.966495482793608        323.05513455120899     
   750.00108803289709        944.77788737603521       -215.98224653304919     
  -6.1259945233077611        8.2279665866293410       0.32105379793285904     
 -0.81635169376539951        4.7262957742673484        1.0461325439405886     
   59.337878453787837       -1403.3157145982109       -873.23869104672156     
  0.86448177986834729        3.4323900046926430       0.27325497505176172     
  -350.14698161682901        620.63123446495808       -250.65037997723402     
  -475.57643638039480        423.14985831045414       -228.15974490365807     
   69.797885609048336        616.73315086831883        135.69396332549212     
  -299.60218470221361        908.16321176085114       -840.99461150411855     
   180.78135016534640        754.81500291769635       -594.19477636727936     
   125.30030392358216        570.78799889710740       -750.19587346152184     
   7.4600317551429933       -63.294753353940330        1.2085043142985852     
  -19.978352140360109       -7.8205339378632663       -7.2891506751274773E-002
  -83.877925859071595       -108.80618485232482       -1.4377707784221627     
   9.7610039312521817        11.449303449718830      -0.65261596325417648     
   104.06186027090133        119.41440489411997        111.87962285109133     
  -14.711976613749073       -12.680793268236474       -3.5067704540636866     
   415.47278336818636       -520.24448989912071        630.45865612711873     
   949.80769663282683       -930.65903348145127       -477.16452688615908     
  -314.33244159641401        272.27771448747205        551.24214983031538     
   11.941689385685734       -7.7186100308206171        1.2986223726263539     
   3.1912618783911570       -2.6691206286942770        1.1004727000888144     
   3.3030776708587442        7.6816765577029047      -0.15130613211652558     
   42.187174656651784        11.142837998884621       -1.5985058021185576     
   2.2691600077100578      -0.42429492621154208       0.50206140969040947     
  -7.2397615850355939       -4.8723971018646974       0.33406557802687731     
   10.476950995996862        1.9938335645600589       0.55297355660662817     
   286.96784957542195        228.98545956438022       -503.77755795419614     
   456.37453466060009        411.25361619115876        1455.8622339931294     
  -5.3365569783589004       -6.9803091851104204        1.8302556942347099     
  -129.07075408964346       -34.762087046872345       -854.85513256114280     
  -21.031338039244829        14.675289409231320       0.44240926013613485     
   1062.8053705665457        214.76842515848205        365.94748304918011     
   13.033418431663989       -117.50469961593934      -0.18706333623622390     
  -155.46403182978628       -773.96940935801786       -224.88135680514173     
  -2.3844659415904617      -0.78965143768976642       0.43260776455818117     
   81.139777725689783        103.58656471347265        672.12473969323571     
   350.87229267689173       -1152.5442475702957       -335.08726730566394     
   6.5042241934957596       -41.599081316948308      -0.88627835248199560     
  -1.7979883760358941        9.4905765576880228       -1.4863169043494038     
  -601.73475723857882        623.79576765090633       -166.82132334240941     
  -1.5100658337487942       -5.2605386740255451        1.6859286676846943     
   6.8893556964284981       -5.0927875255528088       0.53606499307668809     
   80.579998406490176        365.16951948517749       -226.34767014360946     
   47.036033604970235       -44.524090552875478       -6.3150111090133967     
  0.46636865883778750        2.2657038656843680        1.1664598648048672     
  -547.38331251407089        376.42911362608481        789.14991371079884     
   915.68219324208894        103.70985500991398        248.43538105718306     
   27.125955648615871       -5.7289183055686141       -6.1958845872883167E-002
  -24.559123186090574        100.75841085160590      -0.40759742229085610     
  -27.295276653518840       -38.686192834490299        4.9356780986566502     
  -782.66470955271063        359.44922992979633        151.48487891223010     
  -9.4342248105778896        1.2910787399165249       -6.1995116788248338E-002
   491.01783449668727       -1139.3155096942155        222.71375630863730     
  -249.44808220422578       -970.12026491244649       -510.64228866613320     
  -69.087829702458137       -610.74717630536293        73.369979751278336     
  -697.10047665441482        626.70077993314442       -278.39453128329978     
  -24.343767183965916       -7.4466104025847706      -0.51525530636410233     
  -48.800963189093252        186.49181345679463       -1.3019067607255370     
   27.013871332389360       -7.2136550870686760        1.3869184245486805     
 -0.45613230007332589        1.3069467216571145      -0.88725714485075480     
  -19.757268263043912       -46.690449519924769        7.2006434901898493E-003
   19.179447872475162       -37.579476056383250        51.871573991405668     
   584.43094487645419        707.53517475381830        473.33133581129897     
   24.978711558861153       -33.349856140443102        8.2893124921812153E-002
   8.3452703211518298       -10.914970778651867       -1.0000711470172730     
  0.51102160637026128       -7.6945723095946286E-002  0.32235846208699653     
   249.68675247209603       -1237.3128862216565       -1114.2888259768579     
  -228.08143805611357        1087.0948798288750        332.35004935037279     
  -1.2812927013716131       0.85798988286561328       0.11896848885097693     
   14.250519606542563       -19.701840360748694       0.53583064352376630     
   142.37498986643379       -194.91802498683634       -257.23247995486980     
   186.73246897099264        136.79074631568528        483.32361746831003     
   72.126036594149554       -427.59125529024504       -1057.6436445258980     
  0.15411018635094664      -0.79061835815140247       -1.0998703275189485     
   40.188445714167344        20.400187920390593      -0.26579623087427667     
   22.541989753870361        3.7848156927299494        6.9498878728457628E-002
   556.23119455513631       -362.08997445799287        78.608648086282528     
  -994.67418661849206       -1966.8678615997637        380.25048566450238     
  -324.67893918399915       -271.63077727681082       -112.81247651206937     
 -0.12214330883536779        2.8445799133181424      -0.31521833200108779     
   50.126044028984936       -125.46747897254721        1115.4930895492580     
   129.82570240378638       -870.89530816488150        357.50211937999563     
   101.40183349045761        847.40017947574711        244.90516004341271     
   66.108582950072289       -505.00183301865923       -311.38134255477797     
   351.68693217759977       -144.57126774238509       -368.31651689791414     
  -129.98902420034443       -25.047348254125762       -213.19922732572147     
   5.0449052770262899        2.8210858716902711       0.41102965535820180     
  -575.79295364008863        127.02129156544243       -417.16940272047680     
  -691.17967694181618        467.83252416942599        140.19179880010481     
   84.625264178200368       -244.19792361796740       -229.72281926698358     
   9.4242376691527170        1.1845815097720225      -0.65336017999498197     
  -16.607468704750165       -13.322249884524703        1.8852908527138657     
  -242.63738800048495       -60.317918042070659        606.23611764220379     
  -3.9049160516912269       -3.2540362076343863       0.45786925126246009     
   53.676181794330198        181.65464208265871        111.58026750900544     
   80.535830940207020       -386.03836557436682        638.48216547913080     
  -387.12829238016224       -898.06009028314895       -252.10434904306200     
  -530.40322236283998       -919.86331964260626        325.43053212945705     
   566.87540640118380        635.15624306598465        346.44312945588626     
  -3.0314214761779983       0.66670887288968361       -4.8963797115238426E-002
  -552.90163992639441       -877.50771816732515       -228.50772286626102     
   1832.5606687372460       -1136.5159232909266        373.05894835701042     
   640.55618125456317       -679.78450872099086        239.80741272694522     
  -159.87747963062617       -806.89061927695479        1032.4115789078196     
   12.336799736016125       -24.677533610301598        2.2284645400498775E-002
  -12.652401596065575       -17.856381723007114        6.6184733971607249E-002
   495.83170672662135        834.16784045843860        218.53471483945992     
  -171.72779049884491        587.88679940647398       -96.299803702020398     
   2.0317006196743512      -0.29705103263548643        3.0031431929351780E-002
   65.313471390248409        138.26447994916754       0.22744906637788675     
   724.35350474909399        818.36944160526286        274.11582046373678     
  -17.049360057185368        38.097309127264566      -0.96077258565985346     
  -2.0643704704898305       -1.0104091183439228      -0.19589997642595122     
  -16.710099128154738      -0.77904083766133647       0.84586572701711582     
   67.185838699609135       -162.90812681185287       -974.40286747556013     
  -39.715741986340447        187.65377333144528       -8.0827959609718665     
  -339.57905535375380        283.35191663880528       -592.46487049559209     
  -1.3711466490411037        8.8041091000343030        1.1903326552244033     
   6.0896123456804254       -145.98637249696412      -0.14595911331473824     
   949.70770953962119        472.05524659624575       -204.96700045038796     
   837.45362118849312        383.61396304255953        577.64103644851514     
  -1.8997738586682718       -2.3784991901400221      -0.28957142099158767     
  -31.699202663302284       -315.32568438060787       -497.65443783909001     
 -0.15364378483882923       -2.0261088447910178       0.10518402929305092     
   3.7441988215711057        15.636173212756889       -1.3436093396443098     
   421.79837968989659        424.90500416882873        322.74726071824284     
   11.099953756217527       -8.7589134072725745      -0.97828093155814633     
   1.0709163410933416       0.61941368129631158        1.4061012671969606     
   1.0327488112972791      -0.14723780825375002        1.2208573158571752     
   6.0133845155365435        13.468811264609720      -0.90544940335103230     
  -39.666802104836414        17.798599119341446        1.6188250254780907     
  -25.525303716484146        12.812502191797227        3.0104765793969848     
   72.164504904904462        651.13858756617174        745.60317259540295     
  -735.31074728192539        1242.5090172600135        18.768372578373310     
  -8.5732631207220553        14.266802717787881       -3.0670398403585066E-002
  0.81756928591942057       -1.3669498182344439      -0.23161617030309523     
  -236.25772642132122        575.35853718473038       -590.95902213298575     
  0.50915949692374918      -0.27808102967026266      -0.43050291217334186     
  -305.87386035354928        363.57305820437409        749.34971603008853     
  -1293.9241227280904       -233.86053680011656       -828.84421162685487     
  -516.07599433096766       -604.31821095626924       -1039.8370826417838     
  -2.0377369614854510        6.1188448225392831       0.44388942082974392     
