   4.8497448888380541        13.382601881342550        4.0962750365621385     
   7.3594900336660505        7.5487799554029920        3.8426644529670937     
   2.6435535187260371        8.2342837741661583        3.9167679831397715     
   3.9395267073597213        6.8179256875003125        4.2856968350399862     
   6.3669215483627921        11.944550084456266        1.6730295384588587     
   8.7868450552718507        8.9795470218403040        2.8510623093321072     
   4.7854704375658708        12.051381020532924        2.8725519371462429     
   7.2970233769259858        11.985138374226180        5.7285339370386694     
   6.6051877709144273        10.014934838572167        5.1060387496322130     
   5.2164974183793946        12.256348360394014        3.9468371882201607     
   5.7346088484337248        12.907484538327543        5.7488783845024392     
   6.1830993728313981        9.1270304181513620        4.8110027069083525     
   4.2958240730736401        11.005971128038292        4.3468690442424158     
   7.4258458850429481        11.642700067965407        1.9200710251818218     
   4.1147909164184471        10.191934122652649        2.3962080067958409     
   4.5806361284633157        11.706026864383187        5.9275086957524037     
   5.5850763454983241        11.875313461206291        5.6911858329974310     
   7.1967787929290301        12.406924257715307        3.9920626018796899     
   7.9529542911673046        9.3506862281015497        3.3924231499705959     
   3.7888181437681170        11.272440576664225        1.8649566372119677     
   5.9804665210921213        11.649047462154980        3.7936405177863866     
   6.0887987054908947        9.1486633881699611        3.5417686684461174     
   8.6374898119948949        10.003369206336904        2.7424560262582331     
   2.6719196086028782        8.3035218042157979        2.6884650579416993     
   5.8813437199241010        10.950984612685962        1.8440416564542581     
   5.1401576561046447        9.9886166693153644        4.7049386658486494     
   7.6200872779375173        11.097636244849593        5.0994552781838731     
   4.7137889878329027        7.6797727640409743        4.8857386798425022     
   6.9272008489999566        9.2846617080131253        5.9877467623833960     
   6.8473290592914022        10.908334871723627        1.3200396398414742     
   6.6992950975224268        8.8834914721868170        1.4904919376672170     
   7.4514472696441354        9.3252740036043296        2.4571955439813116     
   4.4531160473505489        9.0666853888775290        1.9623289253846141     
   8.1332354355557985        10.155415752616230        4.9042894651655971     
   2.3508970751949674        10.851016887727187        3.2322739638604507     
   2.9050083397962778        9.1834518785437940        3.2826115276090575     
   3.5459130497795206        9.9751997771859440        5.5613774530514517     
   6.3587831082500719        8.0060431633127500        1.9614141454334060     
   6.2764608414263101        12.312435607589219        6.3660908976746908     
   4.2013323603716719        13.171850872490873        3.3576484362555408     
   1.5926069796429256        9.9963895882730771        4.6942792426904827     
   6.9101506762801739        7.3145648487040855        4.8358805677292613     
   5.0065986730733361        7.5060662543334811        2.7167196089368830     
   3.2986587571440711        11.237202176467170        3.7291358161278145     
   6.8203848198517507        9.7708576324108556        3.2215849197505748     
   7.3051003973171342        13.211756550803328        3.2657101554641939     
   6.4380822391253014        11.180649496275294        5.4473452372583253     
   5.5938499801869161        8.5747553403436427        6.5812969674070096     
   5.9403926369474345        13.900380221610421        5.2809751618438243     
   4.3924442559110020        8.6895316722671208        4.2223256572287058     
   5.9025029062595262        10.262395733936257        2.7548248057073681     
   3.1187788366578575        12.040389859132040        4.4414252053391543     
   7.8172268796632718        12.063814114857355        4.7768840716720247     
   1.9704568863812411        9.1898640530754374        2.3019214965909898     
   9.7168750565534818        11.378361289532316        5.2729925994210127     
   4.0415954834897132        12.804393640947568        4.5426879267636613     
   2.4794284531193025        10.918434634697517        6.0941932790247071     
   4.5977668147698534        9.7126692752019075        5.7918014503371360     
   9.1329559943172676        11.077074103378829        3.2296000495656405     
   5.8988866525489199        6.3863790095944140        4.5034644461454763     
   2.0888586044693978        10.296928101497347        2.3798102099407403     
   6.3898446972018164        8.1065010391138106        3.9684105368428058     
   9.7737168223131867        7.1056285200279934        3.1287168989888863     
   4.0238299678831986        13.781806760089129        5.1084779722481404     
   5.7711345182049287        6.0934180204240409        3.0460275517014210     
   1.2718005583776903        9.8817098491811599        3.1803975537956668     
   3.7813385128375669        7.8138647602339706        2.4311575639886147     
   9.3554138976465424        8.8354631607436218        1.8611581125574386     
   5.6795615709432878        9.3452375442505495        5.6730065545388859     
   5.5820763697055433        7.2635595612254740        3.9319842257792459     
   2.0431828909561021        9.3749083653570811        5.5418941615123680     
   8.8807436022146327        8.3082366350660237        3.8021855446307451     
   6.4045697870179961        13.161949164539159        2.6818315188232433     
   2.1844789317346245        9.8863591440958984        3.7976384080471899     
   8.8307550117282183        12.083732240742941        2.7759239377072977     
   5.8737786658231812        11.082712560981793        6.6133901818531058     
   5.6826120090986656        12.497575860747496        2.2120026137202609     
   3.5952549533761538        12.122531393958452        3.0090076639120436     
   9.2054863943749918        11.790786410542614        4.3471246334228626     
   4.1229111785335766        12.018392698819163        3.9442904877100893     
   8.3726612548473227        7.3477379988311204        4.0824988009121084     
   8.4506741151311235        8.5816027220298849        5.1031169535581462     
   4.8907717028891371        12.627725583295602        5.1819141716711270     
   2.1271399775702031        8.9915778988273356        4.4507773285110899     
   9.2196667052286028        9.6163199071510395        5.0210060614563998     
   8.0644915216106767        11.291097540164605        2.7190555174818067     
   7.7445727289724147        12.323519217916058        2.8515357739864862     
   7.2903799202080286        10.049964755830105        4.1860875572707270     
   14.007264190481713        5.9968444824553000        2.1847871868599440     
   3.8461920755810564        8.7090527265448721        5.2236141821893831     
   3.9437173959492982        9.9209427022483894        6.6328799185107421     
   5.7715980711331127        12.864296368744066        4.6023926163573794     
   8.2668137765791663        9.1435769055079650        1.8291893567012685     
   3.1173332486633978        9.7325610933539899        2.1452640796987734     
   7.4257432779509287        7.0506645289921286        2.9250632113590775     
   4.9877086040553120        11.281103151896872        3.5836391881173100     
   2.5834962996825199        10.177310853602101        5.0758369067867530     
   4.9436723964493723        9.0155354341796414        5.0356881407565970     
   3.2947402694230208        9.0419089854472485        6.1802321422844706     
   9.8974134704832686        7.8369230897580877        3.9268631244073333     
   5.2145009324494245        10.103554058259874        1.6862129216996731     
   3.6351960625805493        12.089314862757711        6.3646336410323574     
   2.9162953220872945        13.442268881725848        5.3922945661595820     
   5.9763239462482085        13.674915184739380        3.5865600315966542     
   3.8643457273043214        9.2941946762439365        2.7507742421641583     
   3.5518442056175714        13.700048812340905        4.1098329792646053     
   3.0278114525867315        10.934847364371921        2.5050213095205027     
   3.1590567677448171        9.0692210757080929        4.3730097876277672     
   6.7180403711251069        12.021085916905502        2.6594308220376468     
   2.0214414665361193        8.4433027437378492        6.2792235836504489     
   4.8420299777525520        11.872367917475705        1.8036977204261060     
   8.3903026511381658        7.2935163623205979        2.6993259594254155     
   3.5635836959553426        11.133493083576418        5.9337693390858455     
   3.1266388167924788        12.849107792205201        3.6533427545846426     
   7.3679437380321025        8.2627054788517711        2.0750487194779761     
   8.0286591484042624        8.8133034421283263        6.0814792524243204     
   5.0444110128258881        9.6287243820215327        2.6942142978126267     
   5.3935911154123097        9.9919814706667971        6.6065655106830610     
   8.3700930532071460        11.854523232007459        3.6598762541666887     
   4.4583581332606714        10.676436536490279        5.3866528238871183     
   6.1139140988230709        7.1975926404739665        2.6205233125526592     
   6.9328011846845206        8.1535575801663285        3.0387549391034598     
   2.9237535097784444        12.089799405430117        5.5224862227035256     
   6.7782262923300198        10.081030182790935        2.1225406962192759     
   3.9100225450438195        9.4205481851400705        3.7733226225852015     
   9.1808813159072358        10.772675045546123        4.5345525795767507     
   3.3368669319562687        10.172071097147917        3.1402332574045762     
   3.6370257882260622        8.3540517688218952        3.4671308776332799     
   5.2259577705272955        13.047288586265505        2.9664288019845824     
   2.6611715629136303        8.3891916484455500        5.2421183563185920     
   7.5945677504873457        10.444407570294285        3.1376312340736963     
   9.1814117452985275        7.9536756999040827        2.7524528248273330     
   4.9001827611314281        12.635416986029247        6.3154618617653862     
   8.5204702925173272        9.2565653663047947        4.3190292089269722     
   5.4807604276702326        8.7054429942384441        2.1107241790510218     
   7.9457062537934711        8.2956596149386428        4.2398448203534338     
   5.4229285019405102        8.3613698910492076        4.2008301834749791     
   5.4504108421221069        10.627334562801330        5.6552707343436612     
   6.3980903421508639        10.793933163682333        3.5218431243058457     
   8.7223253415590527        10.790809105291721        2.0812668355908839     
   4.4676839312284109        8.6891855102477500        6.2002075161059773     
   8.6406253118474634        10.102254531165366        3.8001456426448574     
   2.3360515849988737        10.870487614064759        4.3599913947942364     
   6.4314708479196314        12.055073976396454        4.6380766169936596     
   7.3803740083820317        10.400417261006778        5.9602835334571811     
   1.8421668420043111        8.7256441184075690        3.3260792114911917     
   5.5394403642683638        13.530265384426039        2.0188774597628911     
   3.8353155246871986        12.786409054082153        5.5805813400518245     
   6.9192118418490676        11.076137203500837        4.3829305956492188     
   5.7557405935506205        11.410869481043624        2.8385741813087124     
   6.2704750277944044        9.9808376288176142        4.1296755882928800     
   6.3332884748787839        10.170467236427776        6.1338985535212904     
   1.7399541846172399        10.760895105188677        5.4047341679937233     
   7.7763031955871229        7.8201654866019394        5.3952360539469311     
   4.4267496261077914        10.300063019828922        3.3731715284901909     
   4.5546789827124883        12.914050653119560        2.1500997584910868     
   7.9339939767956089        10.863241279199723        4.0569286690487081     
   3.4229508291231370        10.853692262311563        4.8748847713295032     
   4.7380679505909971        14.085993932514745        2.9898487342806206     
   8.6255228310439875        11.708736268639727        5.4479319027016810     
   4.1523221306966809        6.8012764672544543        2.9816950494330405     
   7.3362899508355142        11.509008189555873        3.4168318786438956     
   3.5087673504166887        7.9302146387912424        4.4882077543638941     
   6.9118048559963405        11.006833185031500        2.6178146159227755     
   6.7658586157223750        12.916537867289282        5.4111878878399642     
   3.1503117499408577        10.188668358709704        4.1669584539520486     
   4.9884422578829870        6.3724923041459602        3.7950868004071663     
   7.9874843739598829        8.2878725608404196        3.1271266129772228     
   6.4681319008645959        9.0594727105873893        2.5892415111026796     
   7.8096813776515601        10.380158998723829        2.1187468299072725     
   2.4232448214125295        9.6620115384757241        6.4805137554586292     
   3.3442139567424460        8.7688678385431071        2.0608072093829226     
   5.8104864140141581        8.2291297882253964        3.1275665846681098     
   1.9705059758622958        7.7167139514647927        5.1545542979237897     
   6.1344229906858523        12.639654548961429        3.6321271881308990     
   4.0913904256155158        9.7306909020179067        4.7454027933960905     
   7.4877808889816251        9.3620336878946606        5.0193540506945267     
   4.9885176483461464        10.831356385181822        2.5146084335590619     
   5.4092279810717629        10.315914383628629        3.7002239421012364     
   3.3063490377904459        7.2528202185926958        3.5321210195000456     
   5.0278879037965378        11.589532721831533        4.8232608640315968     
   7.0939682332059819        8.9772710351301495        3.9913403041843782     
   3.0611361657747316        7.1992627940570229        5.1645164386378388     
   8.5129784899771632        10.623703992740104        5.8841612164856008     
   4.7174559790855168        8.5686271431386949        3.1847008659885350     
   4.1921023049297919        10.037040359426653        1.3105455537297919     
   6.8425588565682620        11.253423623506647        6.5158849854429128     
   1.9848506992034880        11.710853873037420        5.0815902999127660     
   6.6967342660666294        13.359540194538196        4.3311621370731208     
   4.0167105727696120        11.773768306101786        5.0706257680114959     
   6.9502197317008330        8.4276685538666811        4.8999944460573444     
   6.2021536991820927        9.9470105791208852        1.2610424229200861     
   5.8364410615294204        10.845354255678989        4.5210264979784558     
   3.9954322481898781        11.176845762586549        2.9579366596286709     
   5.0279037208503228        9.4118674086217595        3.7963422743528823     
   5.6474529959931870        8.1616643512742595        5.2697258610916782     
   4.5614909259320999        7.6151896154129508        3.8191398656819353     
   4.6005460571719778        10.969734881688550        6.7155673215948788     
   5.0400297485709089        13.614566340625991        5.7600563065245733     
   6.5158511734145508        6.9544783422454017        3.5554076189190216     
   11.829711338594532        6.8323687113394751        6.4087928606135405     
   12.279662736845269        12.441828636997259        4.2098843432562960     
   12.254732991235459        7.7078659164980676        3.6244413658277508     
  0.21691667463909517        7.5875603323984047        5.7404396933910995     
   12.571817958216048        9.6469651389807378        3.0129505643010255     
   13.357558914543517        8.0758514000749866        3.6953091518590870     
   10.566899200345389        12.657392299625144        3.1291341719830457     
   2.5510540724321880        13.183621063233579        4.4573485939369650     
   15.291209022047939        8.9869340357703127        5.0186987859339958     
   13.880071529433749        10.469051846986826        1.7322600242821986     
  0.28611818040000286        11.895092992606040        2.3012897692502654     
   11.672140050345625        9.0516397379685980        5.0141178342756900     
   11.547536396235591        10.577234598016283        1.3457849903858616     
   13.619617626772758        11.049162275700777        3.4746058598425993     
   14.884186716615641        12.831555418397549        2.6567149379441113     
   12.641909279738332        8.8977361796252943        3.9362922205687383     
   15.497008661345941        10.543619924604108        4.4920930883378638     
   15.398581058925467        9.5115118381596293        3.8188477140620494     
  0.94346704959146621        12.024382813347794        6.1068235702772284     
   14.572170404797850        9.7350052953232069        4.5492893320072909     
   10.446843597609023        11.820767761551053        4.6049908725979778     
   14.429968621795672        9.9918731546386166        6.5221750778250174     
   10.370911001859556        7.7253212036204237        4.7629930775360716     
   13.511349165014957        11.248187022581931        5.3793907779852761     
   14.080302344010409        9.5253637943496692        2.5019707718433373     
   13.899992058918203        11.744549010720887        4.4410966896363160     
  0.45653172658992724        11.100015193469748        5.9123653717098641     
   15.136916815387313        11.756232185904757        4.3560653111853025     
   13.230565574417305        12.700484057129490        1.5289773574672112     
   15.658096654819659        7.9806168826693291        2.0246876087176791     
   11.161397213431636        9.1991860515457056        2.8925043846507608     
   10.319515777186531        8.9050559201368955        4.5244929303551391     
   13.173367762882409        7.1652938327832718        3.1783893978948963     
   13.607126062693073        9.1992066097527196        4.0460386308395151     
   14.299775072779433        6.0817003292588394        3.8634029940575063     
   12.857287091607450        8.0099433539134264        2.5433517100063963     
   11.080956288982543        8.1822951829035802        3.1598997721157258     
   10.443492502690823        9.6066406366699564        3.7154270997475112     
   13.055042069875958        13.192317690655896        3.2015924549087877     
  0.73374233343043460        10.765738367973185        4.8821571820273739     
   11.195271345607010        9.8317665121423321        4.5211873393880317     
   15.008753594330409        9.8512312050335922        2.8709393889023018     
   1.1172676112580355        13.848112879006520        5.7420445034060990     
   14.863377127808308        12.799669616575791        6.0340505595166425     
   10.548765779974929        10.881914966649173        3.9179259497976875     
   10.752689057885574        10.994799960581064        5.0892752936666579     
   15.461001431699767        12.534211598095029        4.9537568134295924     
   12.025741344551134        8.7028003401031278        3.1105997645861687     
   15.690643909915325        8.3184224208772406        3.8920506940314712     
   14.516944646414427        9.0089518761095846        3.4282856566435385     
   11.328700611990797        11.986165292878120        3.9992326920449011     
   10.114272720892657        10.021647804513153        4.6641376138051935     
   12.226294251735577        11.680475755452028        3.4846111341470700     
   15.277893631994086        10.195336628637490        5.4936560539273414     
  0.83033986830512840        11.862210661698828        3.2791849639132669     
   13.604637766623034        6.9533991595175015        4.1021160845679443     
   15.215344917509867        11.886894048065276        6.3803780126406817     
   13.881440692646548        12.993755266708467        5.4930524453452927     
   13.599028586376473        9.3945337617209521        5.0839038158399026     
   12.980028032281394        11.967002824522455        4.8271319274213527     
  0.73479819285185533        10.209030613849409        2.0618102266110316     
   14.321601582623815        11.074092038368097        6.1622513838949677     
   9.7410131191037941        8.5039857379504618        5.3406613366558817     
   1.1526244087255344        9.1317865870768067        6.5835056095182667     
   12.173730320090771        6.6938238413911906        2.8850997363681743     
  0.58373063299633887        10.191717560636755        3.9766039663950643     
   11.317233144184312        11.085224331306042        3.1165384628184238     
   15.382914189328632        6.5805635008977124        5.0304915894720654     
   11.536609233875176        10.774367396658972        4.1616001107682168     
   15.810033371141778        13.014536872097532        3.0381118579589188     
   12.570248232930842        12.282466030174735        2.6496906939693630     
   11.920609551788049        7.6343977477194374        5.5750647973205849     
   15.251735510717806        9.3510952072806450        6.4996083019567452     
   12.242370849160471        9.8492984974560365        4.2590849702129479     
   15.148640946695338        12.720587053469332        3.8844761911147678     
   11.802886602732336        9.7597609053112322        6.1018860871530043     
   14.296535469797979        13.271673915373931        3.5585044189484836     
   11.484086088323011        12.133480507342375        2.7514486836031797     
   14.792365674966652        8.6124583499684828        2.0159882542574175     
   15.135135025531673        7.7880608362605308        4.8618502568174087     
   1.2134501130766748        11.402758718653789        2.0331821127083756     
  0.29976159809720104        12.363677123788825        4.0308158347830778     
   8.3034260082519520        12.680725768969126        5.6012137039093899     
   15.491034870786306        10.414178649493568        2.1748646784800414     
   15.557846823689491        11.863856956120161        3.2396904110003861     
   13.377838548906507        10.323069209286688        2.6647220094569430     
   13.079232911267527        9.7244055769476532        1.8536393352570657     
   11.519581226663588        8.1250980163849853        4.4873095769547460     
   1.0028400211796487        8.3000555988182363        5.6597246470836389     
  0.42039552930503649        9.9206224538141576        6.5926544746599145     
  0.70719997791610401        12.874064915404359        4.9904708622506249     
   14.524732548486323        6.9810048436112426        4.6794024244633539     
   1.2003112254988226        9.1272996557002966        4.9923055627109099     
   12.110869242238531        11.394497704784287        2.2386840174022562     
   12.942730002053501        11.665908325894256        1.4980168492571890     
   11.689133145933798        12.464279261618902        1.7060437499425289     
   12.165318487041455        11.242601464850198        5.9390892663271480     
  0.28514653333466738        9.7425451742974243        3.0410969252314799     
   13.763103830245585        10.462126004151823        4.4617246279370040     
   1.5689461978200996        12.440605462065996        3.7580060099938009     
  0.25623702966942979        11.360983793457285        4.0424987657942530     
   12.272615939140954        8.4693274878031737        1.2478963858764553     
   14.901179074046214        4.4050534749104440        4.1954360723151272     
   10.567019081059593        10.415151983888693        2.6120849214130772     
   2.5185435735348300        11.847395444223947        3.6185012450380531     
   15.521867233510795        10.608955247020480        3.4549320966850767     
   14.331642495707039        12.619225096701586        1.6623327866642670     
   13.563232117950026        12.828616949459683        4.1962593427562611     
   14.183834100265349        8.3799391922918787        6.6465389164473025     
  0.60168867947803695        11.844153462702728        4.9321799798943911     
   13.239370270461693        11.402282436115739        2.5548844665509010     
   14.220978474219496        9.5390574528818757        1.4373479946039727     
   15.172024872155086        8.2722423657575472        5.8165009476790779     
   11.386491277632841        12.808841525973547        5.0167647061842926     
  0.34125306581502785        9.7524153664840387        4.9125410124412312     
   14.160957879209281        8.0986852221307490        2.8431188152320819     
   11.677234019447010        10.480392317978122        5.2395163321833147     
   13.965969436741025        12.172492718348748        6.4104498898145703     
   14.470554315942579        5.9238800485747172        4.9904736008732291     
   12.304564258933038        10.702158275111769        3.0426194366158450     
   10.954122052306939        9.5226288096572667        5.5514645968247462     
   12.775683062114480        8.8360903795328305        5.1042672716473376     
   10.023355137647734        8.7906427105573641        3.2137573603479912     
  0.29642164221469941        8.3031180952058978        4.8954120483105203     
  0.17843384931983663        12.649987186856018        5.8681029448698458     
   14.455738068108444        11.873627261869318        5.4182533783252955     
   11.715818283116594        10.102948720974867        2.3917051415986044     
   13.760740690899288        12.417924093450038        2.5667827578765126     
   10.919276663111809        8.4093555518734515        5.4550728568552582     
   13.369296382191163        8.8789503686050075        3.0477964338163575     
   14.592035171546357        10.883818041672161        4.9497306244385673     
   1.4409626378041371        11.363986566648279        4.3310809128367742     
   1.0484847714143017        13.248816149732487        2.4216685513288385     
  0.66513864488810914        9.0963497863938105        3.9984883811467378     
   14.067890928342297        10.030258097207474        3.5581529449050158     
   7.4778886444731487        13.043403350710790        1.2422543113319564     
   10.544539522044335        8.3012571589785082        2.1919479947586349     
   12.794765630596956        10.307256875465592        5.1446417239334501     
   1.7265034294593480        12.766008198979950        5.3818168099277237     
   13.706039197901779        7.9306921666348762        4.7329274939831398     
   11.489988891546417        9.9354785485655466        3.4545497467446622     
   14.409604648331372        7.5041584124860625        5.6608713500756398     
   9.8541530955381909        11.495842943553049        2.3149443005818795     
   14.726652717332621        13.511263489200225        4.9502609035639287     
   1.3389774215287031        8.2033221218658543        4.1357139123373727     
   11.191103840075527        8.1161361589320506        6.4859838403345762     
   13.025818268311882        10.143110704464682        3.7486285384686799     
   3.8301959853410792        12.301171255005205        1.7793927288002094     
   14.750532141319672        7.2405766274568970        2.1784414901247247     
   14.868755548401552        11.791646461423825        2.4547237724902526     
   14.366839309498111        12.016638113631929        3.4395901353133436     
   13.183122567188613        12.034413883449734        3.4695280728339681     
   13.252913711782478        7.3841759820710822        5.5892352903110876     
   15.469174706408253        11.459689473495819        5.2732033103635549     
   1.6724675304420393        12.176822550343685        2.6669418846866288     
   13.141750974876279        6.0988121978753069        3.4867553600706707     
   14.405435610290411        10.848381791646853        2.7321438036448762     
   12.587277290069785        10.646280033780350        1.7549664577776203     
   11.347781062621833        8.9973491414286446        3.9391126871620976     
   1.0949459383620550        7.1653206413573516        5.0854139578061526     
   14.447898053031443        8.0450789679980002        3.8431522205561883     
   10.069049787525199        10.471606298534585        5.6647033650274938     
   11.042634626020375        11.286554772064809        2.0818558531874607     
   12.813352495178670        12.179857329782294        5.9623304941024911     
   14.421828889304061        9.1717801577933891        5.7255943456989362     
   14.084848086337221        10.138814252869313        5.4176503652039072     
   13.185535697800233        10.567620418807261        6.2449339643227084     
  0.52322322302357727        10.910935568613858        2.8513808959398537     
   12.667712278964897        11.041449015845373        4.2480589519535954     
   14.354056292297905        8.7578797558890411        4.7155277281198309     
   14.619147997923045        11.004214958900432        3.8147588427690922     
   14.254324324334807        7.0437363786642626        3.2625044175523836     
   11.697111583804611        7.9147335199965996        2.3774944337838373     
   12.688163451298236        7.7610894186998767        4.5008767051128125     
   15.213865870054704        7.1421546450621554        3.6636919276656368     
  0.94898443713281411        13.245803897287978        3.9710319972365649     
  0.75537078820492343        8.4006389503272665        3.1858280920451700     
   15.707441667327453        9.3991549050087499        2.0102972380107045     
   13.259357154758892        9.4726252131904705        6.0645187392070294     
   12.484316061382881        6.5451114195314695        4.2390088716652494     
   13.990099260007067        11.573970194832842        1.8663541185160240     
   15.512243959460895        8.8625248773933194        2.9465253897007542     
   13.543704409439311        8.4436139920701816        5.7876936427604031     
   1.0753554756212245        9.9487965573150063        5.7597729302424003     
  0.21897959043230883        7.2068288499020197        2.7762008133130922     
   15.051828828980241        6.0446669878256074        3.0787500101350371     
  0.54176703835604867        7.4664776813185743        4.0648536718754444     
   15.189376730929119        7.9462272536022871        3.0630761745742068     
   11.838483869849167        11.624205056328250        4.9840943686927570     
   12.327199108852787        9.0982646064942614        2.1451645522429628     
   13.631756337873894        8.7854298155086266        1.9762731680371226     
   10.265816988522253        9.3214381260861643        2.2456135878603658     
   10.133007054964486        11.777492546936847        3.4861933274710557     
  0.87767355962568372        9.2409954317619469        2.3983011310255060     
  0.37519106226514182        9.1562152397521768        5.8197565395412978     
   15.425022235624501        11.424441660425634        1.5638997665744765     
   15.173969016725708        7.3605310708030229        6.3749639768992736     
   13.923473640373453        13.459513437204169        2.5112980046789386     
   7.5105598331275947E-002   13.582476824333574        5.3723590495164819     
   7.3774210902494433E-002   13.434665792915450        4.3588408444693370     
