  0.70313070303106406       0.29579368855061666        1.1070404425968097E-002
  0.58105005035181179        8.7331872064066673E-002  0.84834421203661570     
 -0.18554271502811717       0.21099956805382408       0.36208004418985501     
 -0.56254933524961437       -4.5137034147190579E-002  0.17274122260530153     
  -9.3814825156073339E-002   2.1138637591690883       0.96039436198790162     
  -4.1088541144291703E-002  -1.9411517665233611       0.43161702200555491     
  -3.3673384295604264E-002  -8.3913707451922712E-002   1.7708127141260204     
   1.7340882167830842      -0.43811990253162225       0.81276597503676262     
 -0.90066679787845561        5.0230914977376334E-002  0.94799627398053099     
  0.48244617917305049       0.24007780939206946       0.59371798822001265     
 -0.63284130199669464      -0.48844060443660919      -0.90695056007492625     
  0.64517207674545085       0.13877287130455571       0.83842278672956960     
  0.32064282678763451       0.35252742661612307       0.43442510056279221     
  0.38988952825948286       -6.2433850533096073E-002  -9.8662917715019977E-002
 -0.65524067115985962      -0.14875544784159939      -0.90449090230865337     
 -0.68770726287292816      -0.21701129674234015      -0.10738250425883059     
  -1.0738107982937624E-003   1.2026837411468161      -0.70793657965015711     
   1.8580556692100691       -4.9188677488610402E-002 -0.63183971224920676     
  0.17613707996163622       0.79169001754109170      -0.72569888596257714     
   1.1596536328134333        8.4524555366318088E-002  0.44492852630723628     
   9.6270054589791806E-002  0.95914957987671678      -0.56447286421019538     
  0.47383519704494914      -0.34149608007664756      -0.44089850759249899     
   1.0507960626132797        2.1072905017669359       0.20966068383235831     
 -0.67657241177447502       0.70889174951141054       -1.2900744000032658     
  -7.5358044535519184E-002 -0.73197440488989296      -0.29110152167951697     
  0.35203169926065170      -0.44064172006948871      -0.85169488106842373     
  0.12774805965407254       0.39124221915691193       0.97274602586781767     
 -0.99022481573077803       0.35449522430148267      -0.21981753835293744     
  0.49187449836690655      -0.42882185140571616        4.4585645234610373E-002
  0.17321092084495734      -0.80328649129902419       0.31383719170017910     
  0.20542409183436539        1.1459683403919396       0.16547870987048163     
   1.4376901246429103      -0.29446854305520859        1.7531032119874166     
 -0.27023361469270002      -0.32915713480656045       0.33758384695836469     
 -0.83723042960697414       0.32986854218519768      -0.27909756303467603     
  0.59619735359381210       0.85449081797593873       0.46681199710387644     
  0.17690555855698334      -0.74593324594043442        9.5693425437625781E-002
  0.36815138429722549       0.55204275926155677      -0.44491282185758008     
  0.47185804507740875       -1.0634797145111838       0.19476283171311365     
  -8.6166384709092436E-002 -0.13718836213815130      -0.16331228395136560     
  -1.5128077116517347        3.8883396430525160E-003 -0.45864171148811972     
 -0.16599684081857685      -0.79313515282255287       -1.1887543357084567     
  0.73342239039079260      -0.38909538026694268       -1.1090484370555627     
  0.48863005964312450        7.0131574581197467E-002 -0.28693296729135531     
 -0.48627254323135349      -0.55031915146568122      -0.64280620350913498     
  0.53230067484751031       0.42284539280407774        8.2167403585551219E-002
  0.42475443693879961       0.79547113150931315      -0.37431290349098323     
  0.42921373460748607      -0.93250733951013898        4.3355039877473349E-002
  0.19583679763282377        1.3529676045444277        1.0438689474312310     
 -0.68056707262523219      -0.15246721094180204      -0.95166843579203242     
  -1.2640091447324064        1.6994313069447957       -1.8007460371384665     
  0.75168578037544520       -8.7787922794611783E-002  0.76246520473234802     
  0.30607143661463826       0.19866478898544096       0.82885786407664341     
   7.2553387265065092E-002  0.26088368775241688       0.25162037758231542     
   9.4122735205570948E-002 -0.60923156893363484       0.45914317103801638     
 -0.18826088590062098        1.0570001290239555      -0.43067316982251935     
   1.3732958921647016E-002 -0.52161030372007644      -0.34747580420589486     
 -0.26107347859818064      -0.22627491498757599       0.12783132417971468     
 -0.76223442972649091       0.28363596345897912      -0.57200089028070944     
  0.17361318388785546       -1.1296348980457747       -8.7107827258882345E-002
  -4.0989164328755157E-002 -0.50163950711609140       0.53189847437825855     
  0.46745051324288756      -0.99663289361536733        1.7247231472805789E-002
  -8.2626578027668304E-002  0.19416277772867316       0.73402272360713938     
  -1.0454353590333121      -0.40530994056920178       0.36077955668804995     
  -4.0778229949576847E-002  -2.0030073871238745      -0.15593548045481742     
  -1.0979793089373551      -0.11985968744716294       0.35059850043567664     
   2.0013606647155990      -0.18556842275703103       0.70715770486325535     
   1.6069151543299420       0.12851964015458311      -0.27235891254871980     
   1.2456014178649488       0.28545218744177336       0.70044392892749885     
  0.51293412457384957      -0.66157087562509775       0.37542881699001535     
   9.9006571068164448E-003 -0.56371769243181979      -0.20948169894642402     
 -0.78341678175288054      -0.27161501618176265       0.32804294777940812     
   4.6535230591131953E-002 -0.44877628465939440       -1.0602346373587230     
  0.39196758941401849      -0.24139081143046720      -0.96225699654514485     
 -0.33441510165801452       0.21420820191499232      -0.25261211760986302     
 -0.25249076438710538       0.90749272235667122      -0.18671893221708472     
  -4.3277683214932305E-002  0.60466048333565614       0.64661559297570259     
  0.43549923192139756      -0.83167238102372321      -0.62353261645391389     
 -0.90183689676855150       0.82460043863411392       0.68460511512841815     
  0.64132987933469576        8.6146983352150042E-002  0.83421863789438966     
  0.15070328744067971       -1.7195280042573380       0.42615552206047103     
  -1.7268664079955178      -0.62174666265311351      -0.46630423204687543     
  0.83852416745334146      -0.40839194755240077       -5.9177751385092681E-002
  -1.5433013092305750E-002  0.69966377736583019      -0.35832602533003927     
   1.2458555471850414      -0.73687542683411744        1.4159295927550710     
  0.99317813342296035      -0.55486333089494155       -1.1586502240753809     
 -0.72525138709312076      -0.33504986418857385       0.95756663183852975     
  0.37522682528193924      -0.14571996186780806        8.6865073506071117E-002
  0.16479690154319476       0.58179562478746594      -0.92515804840511329     
 -0.37142278164317133       0.62342109051537731      -0.78427827973082631     
 -0.40098792685091444       0.17182833790599147        1.1869075492762711     
  -2.7232955409535305E-002  0.22629302046579766      -0.39831683816383046     
 -0.11739586408555228      -0.31022434071020177      -0.44511094071636959     
 -0.21256320064119633      -0.27747232569440367      -0.52991226906871391     
  0.17177859466600387      -0.92548535793378661        6.9378616696519013E-002
 -0.70132221498144831       -1.4419148237240873       0.68541801746370434     
 -0.30334472165157961        1.0245823946116777       -1.5815991467597219     
 -0.84663287696233203       0.49649178877538486       0.13427085642509087     
 -0.34295720156006732       -1.8408783500619055E-002 -0.19777609316687908     
 -0.59224898658669101       0.57847518951782773        4.9954416121287988E-002
 -0.33271758764319276       0.45917434686046432       -6.5392350897296295E-002
 -0.14020079545039377       0.18854785979737770      -0.49379971274292961     
  0.95287480195721674      -0.26289373814183725        1.3744704190309138     
   1.0782584262548178      -0.36552283590814089      -0.46529798060104477     
   4.9834867297579973E-002  0.23414928987773453       0.37699976558888304     
  0.72521848526956956      -0.40727166910752732      -0.30240471942393909     
   1.1617921455633395       0.53024340375135426      -0.94864538605757021     
 -0.41284493726916160      -0.23725888379353813       0.46202917254104892     
  0.13076274944916000       -1.6477458850613251        1.0767658649232889E-002
  -4.4748135811160772E-002  -2.7181996035735238E-002   6.4420816044975154E-002
  0.75302233116483674       0.85670724161298595      -0.41366306539744424     
  -1.6412497529598289       0.46499027228748718        1.3562851164070937     
 -0.23134738287944145      -0.47774950457304516        1.1539365324189184     
 -0.41262599985487775      -0.36185438595511221       0.13688777497095833     
  0.80084998440825994       -2.0775881010701189       -1.4526273153369926     
  -5.4976310572472792E-002   1.0035399400189255       0.73377659151420116     
 -0.30395107699878110      -0.64463945701605863      -0.44061737402096501     
  0.23311983601480371       0.98162620697837055        8.0569956444815460E-002
 -0.52277295436868954        8.2585909699719878E-002 -0.96043518999264410     
   1.9975468077411409       0.50376689134097352        1.1118509532902623     
  0.61482654076133902        1.8773125352347930E-002   1.3007113763039619     
   1.4271423745092542       -1.8932093343024547       0.23619733648540917     
  0.14655054705283865       0.14258367209002487       0.20414916134775143     
  -1.1824075228567476E-002  0.82512323605522930        1.0163452032449123     
  -7.6965742759602176E-002  0.72873871855228167       -8.6281271153139522E-002
  0.38745373222392454       0.57242719541473686      -0.55009319639341270     
  0.56982659939770597      -0.55802956564966466       -1.1438983414409807     
  0.48014281663005959       -2.9798931835731842E-002  0.15769985799864167     
   2.5718057705695633E-002   1.2100295299358585      -0.49158359550263514     
  0.35201129321251756       0.62212483293416454       0.66346354925564555     
 -0.11045904411879476      -0.62505558070537748       0.37398685956517747     
 -0.35973208121459516       0.75120272482306050      -0.40560880622191553     
 -0.50969008163950169        8.2052116251733295E-002  0.66651151666805819     
 -0.92818135100316834       0.14001701048898807      -0.41461059207598600     
   1.9759634973163962      -0.44176266833373423      -0.94200761112784726     
  -1.0975112280533008       0.94363667465006795       -1.8013623361453399     
 -0.47519578225379572       -1.0600549446325418       -1.4359181628186770     
 -0.29235467428902256       0.25726740451221958       -1.4696407831131815     
  -1.1784880739251766      -0.56275574794335559       0.79501816281420479     
  0.69127532919453727      -0.14960029338317471      -0.63552636909894067     
 -0.10148200417336019       -2.4410109549000143E-002 -0.89924583416729020     
  -1.5888814561965267E-002 -0.61418407037106526        4.6870443189053111E-002
 -0.42504408860744231      -0.14874500480360411      -0.45926739099990105     
  0.60624172394172737       0.29956892831501025      -0.78100229837750801     
  -1.3309544242225348        3.4736451698321791E-002  0.92427511045559874     
 -0.33540134211141964      -0.28405288705410381        8.9108066923056062E-002
  0.73804796465477362      -0.28286605977509677      -0.64111791391029982     
  0.71678082506674323       -1.2132319159481514E-002  0.46318815110403233     
 -0.59870838164040141       -7.9337588193722414E-002  0.11001166062425595     
  -1.1435206042095973       0.63025917844962487       0.48176172989418220     
 -0.48988809070190842      -0.13504912534203459      -0.15906354420734461     
 -0.21821051183349535      -0.51989610508538120       -1.8067724061823738     
 -0.33653906839651115       0.62560849566201193       0.23439353715646954     
  0.62041008810158704      -0.36323078600928188       0.95357315143239374     
 -0.90836320303813667       0.17961105561307864       0.39529948135184306     
   1.0437693543497339      -0.62838067610759540       0.52650034918296984     
 -0.41556928754106887       0.40690169715438534      -0.11210221966190312     
 -0.23215388614435875      -0.36794190409628047       0.27486986124942830     
  0.37885743611797806       0.12354728429964640       0.16593147924631746     
 -0.45736425024886912       0.45801702743672412      -0.56915493014011109     
  -1.2414061846744950        2.2891405048366344      -0.14475894190629018     
  -4.3656558599690304E-003  0.60793657828417613       -1.2420240761596464     
 -0.83689555822926653       -1.0182824828476954E-002 -0.22198586397432635     
  0.49821706456670634      -0.17119225108993796       0.47257564738598407     
  -9.4621570866334163E-003  0.45082182746071059       0.43643025649269296     
 -0.55948301300300840        1.7090780034562216      -0.73024527892144131     
  0.32303061802873451      -0.32299775395061220      -0.27613699221171989     
 -0.76361787199886411      -0.22024345706223716      -0.97862154735536544     
  -1.3738152055540143       0.97115453685704611      -0.44978382599510047     
  0.85377402403572988       0.20166702195261835      -0.34725624267744593     
   6.2225486480623718E-002 -0.54861254853426589      -0.19162973454719048     
 -0.34675883174528671       -1.7130895686896341      -0.25587507770213419     
 -0.94340848871083771       0.75091584881772522      -0.70791279102686810     
  -1.2858860265050018      -0.93597473985847424      -0.41676113021583372     
  -7.2150228866327812E-002 -0.56207163108631752      -0.24417253013426132     
 -0.61840450407154346      -0.38854767625575803       -1.4402994259886763     
  0.96251762184223333       0.22845453916856356       0.94915649871471619     
 -0.38411213059857235      -0.32460474970766845      -0.44711758552816711     
  0.56133401854314535       0.19500258708170592      -0.45230453432232048     
  0.43461814429755857      -0.86645440569568588       0.12884148379305588     
  -1.0299613265589525       0.60599133191950816       -1.3503551544593300     
  0.37648439044547449       -1.4268131774492123       0.63379994583651045     
   1.1743828052212639        1.0827053237970576       -4.5530074730911176E-002
 -0.16815029526376918      -0.22143993755802482       0.97235327133327309     
  0.20779081422708581       0.64776223307402647       0.13453957698080982     
 -0.15084769053867350       0.57554756158278331      -0.72800005889566799     
 -0.37106824343007910       0.98997397786062424       -1.2327368909211449     
 -0.30617930169780333      -0.25105730715145025       -2.8751016803496777E-002
  0.28903158217961938        9.2654604430598680E-003 -0.71908446477078303     
   1.2888618730856765        1.0356342680952764       0.80493619375759273     
 -0.10570250033859602      -0.18804534687361957      -0.72403817666983761     
 -0.27868416750155212        1.6526581257066355       0.33747753446964535     
  0.20707775350053220       0.49045157321275290      -0.53447698579504033     
  -7.5126411116357469E-002  0.88503616007224806       0.15056248384057025     
 -0.22345550397704089        1.5929976095463922      -0.27556404020960718     
  0.70073818947211475       -1.4644095931652472       0.67110893667092331     
  0.43929457480978451        1.3301733775285318      -0.63392511671695284     
 -0.24029263639433848       0.27452391460245557      -0.24265608002342928     
 -0.24850909401486743       0.59513342307794137       0.31711740149864570     
 -0.77685182788359497      -0.60328273273269950      -0.34950138137740716     
 -0.10724254111433085      -0.23833315786260392        5.8381220934416861E-002
   4.0831529258239178E-002  0.42002722888088356       0.61703033602215995     
  0.37645366261248331       0.14533508782335222      -0.28363677287057099     
 -0.45143445101148150       0.58005159871351553      -0.32609243492033579     
  0.56126894282836337       0.36565929894895227       -1.0434562570141159     
  -6.2377079587054303E-002   2.1876339891445499E-002  -1.3406530747570220     
   2.2441408117584504E-002  -2.4254886463316423E-002  0.50242367978605484     
  0.15040577232048510       -5.8306607451604986E-002 -0.43594012520392206     
  -1.1261355950801997        1.0691340696745999       -6.1261080705097032E-002
 -0.11808056112162342       0.63925408677821416      -0.98201417374786415     
 -0.10856598669830489      -0.19429863583289164       0.18495690432352369     
 -0.20199236770987150       0.30020270301768998       0.28099697764426546     
 -0.41838747127444570       0.17352477124704882      -0.49394756331177708     
   6.8098556483185552E-002  0.46291650208126223       0.74172895679777173     
  0.21627510385244972       0.47846620222896419      -0.65510034099062797     
 -0.37399071103159054      -0.88800689606327943       0.14039032759768327     
 -0.44807981804139135       0.47042184254662539       0.41619478988586528     
 -0.63818630617190975      -0.11062238481090843      -0.42460196438102205     
  0.85163098366108148      -0.39463553343756180       0.56941031940073406     
 -0.38882371371702157       0.12452492300513507      -0.48545826576387974     
  0.86840447878520122        5.0373999612953635E-002  0.24388815754960055     
   1.7770141591667052E-002   1.0428577039097937      -0.28730850692128607     
   6.1277060140104457E-002  0.36622627662542018        1.0651361110089335     
 -0.69186245438617633       -1.1555497503012899      -0.55367025879625642     
  0.25683828295283345       0.96218149724570989       0.34565539021834280     
  0.63544705149005853      -0.39150194487986306      -0.33988080010834731     
 -0.37904237016738451      -0.95243961034032376       0.22623169001627802     
 -0.16893991826294669      -0.13623960837369639      -0.76973177347680455     
 -0.16336160034468175      -0.30698878997167717      -0.11908701487208165     
  -2.6266637660757802E-002 -0.35041473343982910       0.44955474459635125     
  0.19273243651740299        1.2525309805333240        3.4186476379900635E-003
   1.2352267517375972      -0.28566172748200863        1.1256688576150238     
 -0.27819441683524310      -0.28010783321768051       0.34513887758766093     
  -2.4076004372918468E-002  -9.3893541629497021E-002 -0.20804814982405107     
 -0.31346910190373350      -0.25244361312708130       0.24709283522883807     
 -0.23000360472710177      -0.69165692002644052      -0.28690119243949302     
  0.94430008395233145       -3.7184763605521441E-002 -0.47268735680635071     
 -0.33056153511423708       0.37989044369294933       0.86496526084381620     
  0.19622711494589887      -0.64742773132126641       -9.0313334647705829E-002
   3.2291359715103579E-002  0.11612140031458695       -2.9161231115009058E-003
 -0.53028778059540471       0.38285132459343862      -0.77014220198275207     
 -0.21368695698397083       0.28830251110804073       0.10283443596451457     
  0.43357577346619758      -0.59208514739616058      -0.25923428240753316     
 -0.67993544677085238       -4.0830423022761228E-002 -0.15489901965755468     
 -0.82027427820200038       0.21685111543983507       0.38629268221887236     
  0.23509058137242994       0.60508827236989371        3.1102834263297501E-002
 -0.10497645314405625      -0.19255783729092210       0.53292892237941192     
 -0.55033748178478947      -0.53895327246773661      -0.23418679447119917     
 -0.57883887418120228      -0.62830613624228360       0.34404995461926546     
  0.16094450726166201      -0.40759572490054741       -2.3949420319128552E-002
  0.28333899052732531      -0.43211780888820772        9.2443770923701096E-002
   1.2042441821482528      -0.97990447762807431       0.18440732593937417     
   3.9764951069071582E-002   7.8101038659064939E-002   6.0326386491161441E-002
 -0.12066257107981167       -2.7479372462798721E-002   9.1221076383083827E-003
 -0.51508069184442073      -0.29269763414827393        3.6651724279783736E-003
  0.48803654116007028       0.41800238474318607      -0.24943211586457270     
  0.18390128166281683        2.6817608858207418E-002  -4.1562887298689455E-002
  0.58516389242484768      -0.83524234645805207      -0.18364189625684449     
  0.68620332684601615       0.71081838215251048        9.0493685759375775E-002
  0.27612810271678268       0.14916442470440588       -2.5687082871459072E-003
  0.19240390713048930       -5.7841690844393924E-002   4.5772950766351329E-002
  0.39232436312698260        2.4363545938282424E-002 -0.26059444873911669     
  -3.9647375495339129E-002   6.4746525233230726E-002 -0.55613662746909287     
  0.51330707354694627      -0.46267483380633345      -0.21241135778861778     
 -0.29199521445562415      -0.16919762512231917      -0.61542836933843947     
 -0.38649736035403015      -0.12741665950108466       0.15650433027394489     
  -9.6356521346782267E-003  0.76175002867259378       0.11689669811137718     
  0.27188863089387671      -0.64946373622668607      -0.33290373952393021     
  0.92371662864410087       0.21628607888883861       0.40276301922117147     
 -0.11641372068164184      -0.86197491439045404      -0.20373346231587150     
 -0.35184369758101114       0.15364926067755424      -0.20562072807163587     
  0.53756587847031612      -0.10837786620465709      -0.26069793427022042     
  0.60744780587648084       0.28637384612652117       0.53947766498993288     
 -0.11177912633225412       0.42296774659810393        5.5881910834672831E-002
  0.71335594613900011       -8.6565428662635058E-002 -0.28492686840508946     
 -0.51176120456465080        8.4321497170374127E-002  -9.6596683727841692E-002
  -5.7571541676042795E-002 -0.20784531845977633      -0.74052750874952511     
 -0.58479046056009354       -1.0882582839561732      -0.86894198392638000     
  0.18956154055239877       0.13081351353889070       -1.2279452244288607     
  0.32210856311058056      -0.14689291868670898       0.48838845216579063     
   1.1243485060121887      -0.37058095167246130      -0.14093931161213097     
  0.32331780238706309       -1.3993752417506600       -7.7886564647351941E-002
 -0.59129178269455851       0.33053946715840182       0.25554336755213408     
 -0.57136365430630420      -0.14684341165458178       0.33988979547900039     
 -0.45679965800911038       0.46552806505098782      -0.16767213818069529     
 -0.10227704255403641       0.72324573885443433      -0.30260540368790018     
  0.40248844524203764      -0.46315726646562388      -0.58274382257382673     
 -0.42426046555002378       -3.9954848160635915E-002  -3.6624370451378792E-002
 -0.10408487276360909       0.28390394188033796      -0.56132433910313728     
 -0.98582461912239217       0.31523161889607754      -0.27740492865367161     
 -0.35722970109021690       0.96503738353706325      -0.24081761631632517     
  0.44637005871175900      -0.24761439807600996      -0.28847961142639511     
 -0.57064987989674887       0.56595343025594369       0.42510013242474354     
 -0.48100944189917760       -6.0848133556781106E-002 -0.59046418026640457     
  0.26300771071359619      -0.21966270951854983       0.76094134972386784     
  0.33829591576076878      -0.50557871794723341      -0.22604427725777426     
 -0.19440415639239630      -0.33269270520686950       0.14687864638175541     
 -0.14647703750686289      -0.12800692609442899      -0.29909452570201406     
 -0.49007749854796223      -0.10206017626079517      -0.19114900079042435     
   5.1942279016531215E-002  -3.3410519318881594E-002 -0.56850422962634239     
 -0.23721765906689665        5.9488504392762542E-002   3.6277999164467715E-002
  0.11410984321780060       0.65964783882011924       0.33961149071102070     
  -4.0821782452231212E-002 -0.46329678131089563        1.1058207934206810     
  0.28657176778761423      -0.22605142758105784       0.47745423441884149     
 -0.26755081478611842       0.61507425258726056       0.14904986225229919     
  0.17786231943461495      -0.24474801001016985       -1.1115376418775078     
   1.7333715047274423E-002  -9.5319127267037312E-002   1.1093964028665375     
 -0.10728168414928152       0.14152462407501687       0.52211760000427754     
   8.6968819362325533E-002 -0.27531996298219591      -0.75481133829840441     
 -0.11400534135043200       0.50624717950479214      -0.71518398666444316     
 -0.62808653370593892      -0.27860669890799644       0.56065146156056345     
  -1.2676893849672877      -0.85572200356832306       0.59040962839203115     
  0.22259943467740356      -0.14662451524636241      -0.70161872296628658     
  0.17671638119847272       0.26041038306897374       0.32898992065205546     
  0.11663335520931203        1.1005949070545799E-002  0.32618412854075973     
   1.0894629810071072E-002 -0.73441118673066896      -0.13011443721422947     
  0.16736405486008391       0.61775359524990203      -0.19298134160043609     
  0.20850319539957454        3.6559795330886387E-002   1.0188550807420206E-003
 -0.19150821836689241       0.48836365710165852        4.7181117396935509E-003
 -0.28101102288785590      -0.27506347872115022      -0.70364614790839219     
  0.89355022287106245       0.68236615506283305      -0.30674511440364910     
  0.29906820279119189        1.2121586124369408       -1.2739296024369806     
 -0.36485911617698102      -0.77014018763804659      -0.28126406926782932     
 -0.13252425749122665       0.52981233007317596      -0.18864787266692795     
 -0.62558859277046275       0.36895172600189285      -0.43107481575778206     
  0.42930074791008072      -0.38367327971996118       0.28596670744692759     
 -0.77807781187217895       0.87814002128642077       0.22710065196714663     
  0.17180384454763090       0.21623954517209593       -7.4045384899008720E-002
 -0.22983889442392308       0.19436990655656272       0.25001610364043886     
  0.20732629645671580       0.30830021578349343       0.12871588424484726     
  0.36181253806098362      -0.41768079424575683       0.15432894753848855     
  0.28043231283763626      -0.20899485733530968       0.32357458149921020     
   6.1277719252904858E-002   8.6517164249275982E-002  0.15055672640206974     
  -7.6143086857289469E-003 -0.13726165234564516       0.61716985571639948     
 -0.14898059545191197       0.61137343265345723       0.10169479083991467     
 -0.91427221407647752      -0.43924229433857975      -0.46287986871150233     
 -0.44655420254509476      -0.23557764031602096      -0.12059244534628348     
 -0.16440014220971180       0.85059172602836997       0.80726105589712593     
  0.16959259391068551      -0.54239227644978216      -0.52779882889173535     
 -0.35501428923368455      -0.63986597156992298      -0.10794318924554813     
   9.7588908698538090E-002 -0.14269828192660686      -0.62179101488748934     
  -9.6177160116590582E-002  -5.6304964706019679E-002 -0.45035611401232767     
  0.35053452893216336       0.24830119970736253       -1.1612831275834643     
 -0.72121966017005912       0.38619885086928857       0.28319662935385320     
  0.65417788158584245      -0.27335029318542542      -0.27157368245006847     
  0.90011185164895469      -0.48463279849560559       0.17329669089185884     
 -0.14874361453789653       0.49161827157784671      -0.16464629980062151     
  0.47517979702535884       0.15620278168868401      -0.58679936118820042     
   6.7998053208730508E-002  0.23523711387112559        1.2421757951344441     
 -0.80045386285460352       0.11108636767251941      -0.17814974486080201     
 -0.73743489429630493       0.31769796216957386      -0.54866127950599741     
 -0.18495818031062067       0.82046142999162630      -0.83956817084165214     
  0.14364092431781506      -0.46303513676668867       0.72467934778096466     
 -0.30101989832106096      -0.32767405947173539      -0.96468761653453694     
  0.38608673296055579      -0.45333466583144660       0.33365903946626063     
 -0.40506485276050286      -0.35576637489120666       0.51667308617849994     
 -0.68595086296974495      -0.13659224694785890      -0.77544709142779822     
   7.3344234197612337E-002   2.6158547613718316E-002  0.36879685404903001     
  0.16487952106236775      -0.80839194075761989       0.38521640828844833     
  0.40868711501167626      -0.39406062221100663       0.95176285658128079     
  0.13985159644853395       0.73193920670604984       -6.1524177272125918E-002
  0.32020951401141373       0.77509587988407413       -1.2784173312304650     
 -0.29863873927066781       0.70363707330174086      -0.35955313662344418     
   5.3112711007691847E-002  -1.0318370567061905      -0.22832013022270750     
  0.72622110362666936      -0.26638997311187596      -0.31837663845059871     
  0.52267529323095530        6.7801415382374011E-002 -0.28611457021214082     
  -8.6756645902341764E-002   1.1155982556426647       0.33142273101180386     
  0.33800465223123505       -1.0668319158527952      -0.20844608846276397     
 -0.95737915795025852       0.13752769617992816       0.66589063694439932     
  0.48541171047459708       0.31646157318086848       -2.5815183066471709E-002
  -8.1141910657013018E-003  0.38985165169352115       0.51144693096068139     
  0.50985265235523236       -8.5860603602308988E-002 -0.59618566221819269     
  0.74875133579085573      -0.24043855822838192        8.4088286875649843E-002
 -0.49950032357293894       0.23540029488408865       0.59328245253193868     
  0.48411198935197641        6.0670488902327631E-002  -5.5354637135868218E-002
  0.30301278759950012       0.53665747156446331      -0.18857774856759865     
  0.73238901678768320       0.21934413655104315      -0.42637427013705120     
  0.37582630863969502       0.22304326216838272       0.34813934883140574     
  0.65055450619093158      -0.61603808763766243      -0.73754163667220818     
 -0.79882914747317724       0.26683576020129168      -0.62526818638934345     
  0.68004234653496043      -0.23028662530399854       0.29852441375665673     
 -0.24650784887406846        2.0850299949368481E-003  0.42333655918983126     
  0.20199261468648097      -0.34296989030019215       0.29562608003053759     
  0.14982285937700007       0.20783138122919592       -5.9007994459058771E-002
 -0.85925795980526254       0.68033118899080358        6.9703482635298145E-002
 -0.13182155865864398       0.10425634069230760      -0.14256387152706149     
  0.23592530930085251        5.7883813882742864E-002  0.55955520048486562     
  0.36291331314307362        2.3601758119462728E-002  0.25964288108129563     
  0.19956507162349302      -0.94821692400762747       -2.0689356192978969E-003
  0.24220129141984292      -0.28855987845427988       0.11717404228339490     
  0.23183448386405800       0.37154940992623964      -0.76693741801074078     
 -0.25730917839218909       0.13438283471592283       0.17009091638290477     
 -0.27450244844969063       0.33700362112765447       0.50670922254424322     
  0.15250903552142758      -0.56573902788611830       0.44028603828969137     
 -0.16022702465691316        1.0667173323695023        4.9357596516941184E-003
  0.60271883259170866      -0.14371223437949052      -0.42563891162077716     
   9.4791530588201944E-002  0.73873083169438181       0.10141748212439426     
  0.20879479976666870       -7.4103276480868466E-002 -0.43505745407800128     
 -0.89642967321265388      -0.23904272621471759        7.1483338483581169E-002
 -0.20959876893852047       0.46343540298973196       0.22503188609992911     
  0.48094160468203595      -0.25073206893150474       -6.0820625260362700E-002
